110100000100100100000010000110010000010010100000000000000000000000000000000000000
110100000100100100000010000110000100010010100000000000000000000000000000000000000
110100000100100100000000000110100000010000110000000100000000000000000000000000000
110100000100100100000000000110100000010000011000000100000000000000000000000000000
110100000100100100000000010110000010010100010000000000000000000000000000000000000
110100000100100100000000000110000010010100001000000100000000000000000000000000000
110100000100100100000000000110010000010001100000100000000000000000000000000000000
110100000100100100000000000110000100010011000000100000000000000000000000000000000
110100000100100000000010000110100000000000000000000000010011000000010000000000000
110100000100100000000010000110100000000000000000000000010001000000010000000010000
110100000100100000000010000110001000000110000000000000010010000000000000000000000
110100000100100000000010000110001000000100000000010000010010000000000000000000000
110100000100100000000010000110000000001110000000000000010010000000000000000000000
110100000100100000000010000110001000000010000000000000010110000000000000000000000
110100000100100000000010000110001000000010000000010000010100000000000000000000000
110100000100100000000010100110000100000000000000000000010100100000000000000000000
110100000100100000000010000110000000001010000000000000010110000000000000000000000
110100000100100000000010000110010000000000000000000000010001000000110000000000000
110100000100100000000010000110010000000000000000000000010001000000100000000010000
110100000100100000000010000110010000000000000000000000010000000001110000000000000
110100000100100100000010000110010000000000000000000000010010100000000000000000000
110100000100100100000010000110000100000000000000000000010010100000000000000000000
110100000100100100000000000110100000000000000000000000010000110000000100000000000
110100000100100100000000000110100000000000000000000000010000011000000100000000000
110100000100100100000000000110000100000000000000000000010100010000000100000000000
110100000100100100000000000110000010000000100000000000010100100000000000000000000
110100000100100100000000010110000010000000000000000000010100010000000000000000000
110100000100100100000000000110000010000000100000000100010100000000000000000000000
110100000100010000000100000110100000000000000000000000010011000000010000000000000
110100000100010000000100000110100000000000000000000000010001000000010000000010000
110100000100010000000100000110001000000110000000000000010010000000000000000000000
110100000100010000000100000110001000000100000000010000010010000000000000000000000
110100000100010000000100000110000000001110000000000000010010000000000000000000000
110100000100010000000100000110001000000010000000000000010110000000000000000000000
110100000100010000000100000110001000000010000000010000010100000000000000000000000
110100000100010000000100000110000000001010000000000000010110000000000000000000000
110100000100010000000100000110010000000000000000000000010001000000110000000000000
110100000100010000000100000110010000000000000000000000010001000000100000000010000
110100000100010000000100000110010000000000000000000000010000000001110000000000000
110100000100010000000010000110100000000000000000000000010101000000010000000000000
110100000100010000000010000110100000000000000000000000010001000000110000000000000
110100000100010000000010000110100000000000000000000000010001000000100000000010000
110100000100010000000010000110100000000000000000000000010000000001110000000000000
110100000100010000000010000110001000000110000000000000010100000000000000000000000
110100000100010000000010000110001000000100000000010000010100000000000000000000000
110100000100010000000010000110000000001110000000000000010100000000000000000000000
110100000100010100000001000110001000000000000000000000010001100000000000000000000
110100000100010100000001000110000100000000000000000000010001100000000000000000000
110100000100010000000000000110001000000110000000000000010110000000000000000000000
110100000100010000000000000110001000000100000000010000010110000000000000000000000
110100000100010000000000000110000000001110000000000000010110000000000000000000000
110100000100000000000110000110100000000000000000000000010011000000010000000000000
110100000100000000000110000110100000000000000000000000010001000000010000000010000
110100000100000000000110000110001000000110000000000000010010000000000000000000000
110100000100000000000110000110001000000100000000010000010010000000000000000000000
110100000100000000000110000110000000001110000000000000010010000000000000000000000
110100000100000000000110000110001000000010000000000000010110000000000000000000000
110100000100000000000110000110001000000010000000010000010100000000000000000000000
110100000100000000000110100110000100000000000000000000010100100000000000000000000
110100000100000000000110000110000000001010000000000000010110000000000000000000000
110100000100000000000110000110010000000000000000000000010001000000110000000000000
110100000100000000000110000110010000000000000000000000010001000000100000000010000
110100000100000000000110000110010000000000000000000000010000000001110000000000000
110100000100000000000011100110100000000000000000000000010100100000000000000000000
110100000100000000000011100110000100000000000000000000010100100000000000000000000
110100000100000000000010000110001000000110000000000000010110000000000000000000000
110100000100000000000010000110001000000100000000010000010110000000000000000000000
110100000100000000000010000110000000001110000000000000010110000000000000000000000
110100000100000110000000100110100000000000000000000000010100100000000000000000000
110100000100000110000000001110100000000000000000000000010100001000000000000000000
110100000100000100000000000110100000000000000000000000010100010000000100000000100
110100000100000100000000000110000000001100100000000000010100100000000000000000000
110100000100000110000000001110000001000000000000000000010100001000000000000000000
110100000100010100000010000110000100001010100000000000000000000000000000000000000
110100000100010100000001000110001000001001100000000000000000000000000000000000000
110100000100010100000001000110000100001001100000000000000000000000000000000000000
110100000100000110000000100110100000001100100000000000000000000000000000000000000
110100000100000110000000001110100000001100001000000000000000000000000000000000000
110100000100000110000000001110000001001100001000000000000000000000000000000000000
110100000100010000000100000100000000010000000001110000010010000000000000000000000
110100000100010000000100000100000000011010000000000000010110000000000000000000000
110100000100010000000100000100000000010000000001010000010110000000000000000000000
110100000100010000000010000100000000010000000001110000010100000000000000000000000
110100000100010000000001000100000000011010000000000000010011000000000000000000000
110100000100010000000001000100000000011001000000000000010011000000000000000000000
110100000100010000000000000100000000010000000001110000010110000000000000000000000
110100000100000000000110000100000000010000000001110000010010000000000000000000000
110100000100000000000110000100000000011010000000000000010110000000000000000000000
110100000100000000000110000100000000010000000001010000010110000000000000000000000
110100000100000000000011000100000000011010000000000000010011000000000000000000000
110100000100000000000010000100000000010000000001110000010110000000000000000000000
110100000100000000000000000100100100010000110000000000010100100000000000000000000
110100000100000000000000000100100100010000011000000000010100100000000000000000000
110100000100000000000000000100100100010000010000000100010100100000000000000000000
110100000100000000000000000100100000010000110000000100010100100000000000000000000
110100000100000000000000000100100000010000110000000001010100001000000000000000000
110100000100000000000000000100100000010000100000000000010100010000000100000000100
110100000100000000000000000100100000011000100000000000010010100000100000000000000
110100000100000100000000000100000000010000000001100100010100100000000000000000000
110100000100010000000010000100000000011001000000000000000011000000001000000000000
110100000100010000000010000100000000011001000000000000000010000000001000000001000
110100000100010000000010000100000000010010100001000110000000000000000000000000000
110100000100010000000010000100000000010010100001000011000000000000000000000000000
110100000100010000000010000100000000010000110001010100000000000000000000000000000
110100000100010000000010000100000000010000110001010001000000000000000000000000000
110100000100000000000110100100000100011000010000000100000000000000000000000000000
110100000100000100000100010100100010011000100000000000000000000000000000000000000
110100000100000100000100110100100000011000100000000000000000000000000000000000000
110100000100000100000100011100100000011000100000000000000000000000000000000000000
110100000100000000000100100100100100011000010000000100000000000000000000000000000
110100000100000000000011100100000100011000010000000100000000000000000000000000000
110100000100000000000011000100000000011010000000000000000011000000001000000000000
110100000100000000000011000100000000011010000000000000000010000000001000000001000
110100000100000100000010000100000000010010100001010100000000000000000000000000000
110100000100000110000000100101100000010100100000000000000000000000000000000000000
110100000100000110000000001101100000010100001000000000000000000000000000000000000
110100000100000100000000000100100000010100100001010100000000000000000000000000000
110100000100000100000000000100100000011000100000110100000000000000000000000000000
110100000100000100000000000100100000010010100001100100000000000000000000000000000
110100000100000000000000000100100100011000010000000100000100100000000000000000000
110100000100000000000000000100100000011010000000001000000101000000001000000000000
110100000100000000000000000100100000011010000000001000000100000000001000000001000
110100000100000000000000000100100000011000100000000000000100110000000100000000000
110100000100000000000000000100100000011000100000000000000100011000000100000000000
110100000100000000000000000100100000011000100000000000000100010000000100000000100
110100000100000000000000000100100000011000100000000000000100000000011100000000000
110100000100000100000000000100100000011000100000011100000000000000000000000000000
110100000100000100000000000100100000010010100001010100000000000000000000000000000
110100000100000100000000000100100000010010100001001100000000000000000000000000000
110100000100000000000000000100000100010100100000000000000100011000000100000000000
110100000100000000000000000100000100010100100000000000000100000000011100000000000
110100000100000110000000001101000001010100001000000000000000000000000000000000000
110100000100000000000000000100010000011001000000100000000110000000010000000000000
110100000100000000000000000100010000011001000000100000000100000000010000000010000
110100000100000000000000000100000000011010000000101000000101000000001000000000000
110100000100000000000000000100000000011010000000101000000100000000001000000001000
110100000100000100000000000100000000011000100000000000000110100000100000000000000
110100000100000100000000000100000000011000100000000000000100000000100000000010100
110100000100000000000000000100010000011001000000010000000110000000100000000000000
110100000100000000000000000100010000011001000000010000000100000000100000000010000
110100000100000100000000000100000000011000100000000000000100011000000100000000000
110100000100000100000000000100000000011000100000000000000100000000011100000000000
110100000100000000000110000100110000000000000000000000011010000010000000000000000
110100000100000000000110000100110000000000000000000000010000000010000000001010000
110100000100000000000110000100010000000000000000000000010000000010000000001110000
110100000100000000000110100100000100000000000000000000011000100010000000000000000
110100000100000000000110100100000100000000000000000000010000000010000000001000100
110100000100000000000100100100100100000000000000000000011000100010000000000000000
110100000100000000000100100100100100000000000000000000010000000010000000001000100
110100000100000000000100100100000100000000000000000000010000000010000000001100100
110100000100000000000011100100000100000000000000000000011000100010000000000000000
110100000100000000000011100100000100000000000000000000010000000010000000001000100
110100000100000000000000000100100100000100100000000000011000100010000000000000000
110100000100000000000000000100100100000100100000000000010000000010000000001000100
110100000100000000000000000100100100000000000000000000010100100010000000001000100
110100000100000000000000000100100000000000000000000000010100100010000000001000110
110100000100000000000000000100100000000000000000000000010100100010000000001000011
110100000100000000000000000100100100000000000000000000011000100010000000000100100
110100000100000000000000000100100000000000000000000000011000100010000000000100110
110100000100000000000000000100100000000000000000000000011000100010000000000100011
110100000100000000000000000100100000000000000000000000010010100010010100000100000
110100000100000000000000000100100000000000000000000000010010100010010010000100000
110100000100000000000000000100100000000000000000000000010010100010001100000100000
110100000100000000000000000100100000000000000000000000010010100010001010000100000
110100000100000000000000000100100000000000000000000000010010100010000110000100000
110100000100000000000000000100100000000000000000000000010010100010000011000100000
110100000100000000000000000100000110000100100000000000011100000010000000000000000
110100000100000000000000000100000110000100001000000000011100000010000000000000000
110100000100000000000000000100000100000100110000000000011100000010000000000000000
110100000100000000000000000100000100000100011000000000011100000010000000000000000
110100000100000000000000000100000110000100100000000000010000000010000000001100000
110100000100000000000000000100000110000100001000000000010000000010000000001100000
110100000100000000000000000100000100000100110000000000010000000010000000001100000
110100000100000000000000000100000100000100100000000000010000000010000000001100100
110100000100000000000000000100000100000100011000000000010000000010000000001100000
110100000100000000000000000100000100000000000000000000010100100010000000001100100
110100000100000000000110100100000100000000000000000000010000011000000100000000000
110100000100000000000100100100100100000000000000000000010000011000000100000000000
110100000100000100000100011100000100000000000000000000010100100000000000000000000
110100000100000000000011000100110000000001000000000000010011000000000000000000000
110100000100000000000011000100100000000011000000000000010011000000000000000000000
110100000100000000000011000100100000000010000000001000010011000000000000000000000
110100000100000000000011100100000100000000000000000000010000011000000100000000000
110100000100000000000011000100000000001011000000000000010011000000000000000000000
110100000100000000000010000101010000000000000000000000010110000001000000001000000
110100000100000000000000000100100100000100100000000000010000011000000100000000000
110100000100000100000000000100100010000000100000000000010010100000100000000000000
110100000100000000000000000100100100000000000000000000011000100001100100000000000
110100000100000000000000000100100100000000000000000000010010010000100100000000100
110100000100000000000000000100100100000000010000000010010010010000100000000000000
110100000100000000000000000100100100000000000000000000010000000001100100001000100
110100000100000000000000000100100000000000000000000000010010100000100000000010110
110100000100000000000000000100100000000000000000000000010010100000100000000010011
110100000100000000000000000100100000000000000000000000010010100000100000000001110
110100000100000000000000000100100000000000000000000000010010100000100000000001011
110100000100000000000000000100100000000000000000000000010000110000100000000011100
110100000100000000000000000100100000000000000000000000010000110000100000000011001
110100000100000000000000000100100000000000000000000000010000000001100100001000110
110100000100000000000000000100100000000000000000000000010000000001100100001000011
110100000100000000000000000100000100001100010000000100010100100000000000000000000
110100000100000000000000000100000100000100000000011100010100100000000000000000000
110100000100000000000000000100000000001100010000000000010100100000000010000000010
110100000100000000000000000100000110000100100000000000010011000000100000000000000
110100000100000000000000000100000110000100001000000000010011000000100000000000000
110100000100000000000000000100000110000100100000000000010010100000100000000000000
110100000100000000000000000100000110000100001000000000010010001000100000000000000
110100000100000000000000000100000100000100110000000000010011000000100000000000000
110100000100000000000000000100000100000100011000000000010011000000100000000000000
110100000100000000000000000100000000000100000001011000010011000000100000000000000
110100000100000000000000000101010000000000000000000000010010000001100000001100000
110100000100000000000000000100000110000000100000000000010010100000100000000100000
110100000100000000000000000100000110000000001000000000010010001000100000000100000
110100000100000000000000000100000100000000000000000000010010010000100100000100100
110100000100000000000000000100000100000000010000000010010010010000100000000100000
110100000100000000000000000100000100000000000000000000010000000001100100001100100
110100000100000000000110100100001100000011100000000000000000000000000000000000000
110100000100000000000110100100000110000000000000000000000000110000000010000000000
110100000100000000000110100100000110000000000000000000000000100000000010000000010
110100000100000000000110100100000100001000000001000000001000100000000000000000000
110100000100000000000100100100100100001000000001000000001000100000000000000000000
110100000100000000000100110100100100000000000000000000000000110000000010000000000
110100000100000000000100110100100100000000000000000000000000100000000010000000010
110100000100000000000100110100000110000000000000000000000100110000000000000000000
110100000100000000000100100100000100001000000001000000001100100000000000000000000
110100000100000000000011100100110000000000000000000000000110100000000000000000000
110100000100000000000011010100100100000000000000000000000100110000000000000000000
110100000100000000000011010100100100000000000000000000000000110000000100000000000
110100000100000000000011010100100100000000000000000000000000100000000100000000010
110100000100000000000011010100100100000000000000000000000000110000000010000000000
110100000100000000000011010100100100000000000000000000000000100000000010000000010
110100000100000000000011100100010100000101100000000000000000000000000000000000000
110100000100000000000011100100010100000000000000000000000110000000100000000000000
110100000100000000000011100100010100000000000000000000000100000000100000000010000
110100000100000000000011100100010100000000000000000000000110100000000000000000000
110100000100000000000011100100000110000000000000000000000100110000000000000000000
110100000100000000000011100100000000001000000001000000001100100000000000000000000
110100000100000000000011100100000110000000000000000000000000110000000010000000000
110100000100000000000011100100000110000000000000000000000000100000000010000000010
110100000100000000000010110100100100000000000000000000000100110000000000000000000
110100000100000000000010100100100100000000000000000000000100100000010000000010000
110100000100000000000010100100100100000000000000000000000101100000010000000000000
110100000100000000000010110100100100000000000000000000000000110000000010000000000
110100000100000000000010110100100100000000000000000000000000100000000010000000010
110100000100000000000010100100100100000000000000000000000011100000010000000000000
110100000100000000000010100100100100000000000000000000000010000000010000000001100
110100000100000000000010100100100100000000000000000000000010011000000100000000000
110100000100000000000010000100010100000000010000000010000110010000000000000000000
110100000100000000000010000100010100000000000000000000000110010000000100000000100
110100000100000000000010110100000110000000000000000000000100110000000000000000000
110100000100000000000000000100100100000010011000000000000110100000000000000000000
110100000100000000000000000100100100000010110000000000000110000000010000000000000
110100000100000000000000000100100100000010011000000000000110000000010000000000000
110100000100000000000000000100100100000010011000000000000100000000010000000010000
110100000100000000000000000100100100000000001000000001000100110000000001000000000
110100000100000000000000000100100100000000010000000010000100000000011010000000000
110100000100000000000000000100010100000100110000000000000110000000010000000000000
110100000100000000000000000100010100000100110000000000000100000000010000000010000
110100000100000000000000000100010100000100011000000000000100000000010000000010000
110100000100000000000000000100000110000110100000000000000110000000010000000000000
110100000100000000000000000100000110000110100000000000000100000000010000000010000
110100000100000000000000000100000110000110001000000000000110000000010000000000000
110100000100000000000000000100000110000110001000000000000100000000010000000010000
110100000100000000000000000100000110000100001000000000000100110000000001000000000
110100000100000000000000000100000110000100001000000000000100100000000001000000001
110100000100000000000000000100000110000100001000000000000100000000011001000000000
110100000100000110000000001010100001010100001000000000000000000000000000000000000
110100000100000110000000001010100001000000000000000000010100001000000000000000000
110100000100100100000010000011010000001010100000000000000000000000000000000000000
110100000100100100000010000011000100001010100000000000000000000000000000000000000
110100000100100100000010000010010100001010100000000000000000000000000000000000000
110100000100100100000000000011100000001000011000000100000000000000000000000000000
110100000100100100000000000010100100001000000001000000001000100000000000000000000
110100000100100100000000000011010000000100000001001100000000000000000000000000000
110100000100100100000000000011000100000100000001011000000000000000000000000000000
110100000100100100000000000011000100000100000001010100000000000000000000000000000
110100000100100100000000000011000010001100100000000100000000000000000000000000000
110100000100100100000000000011000010001100001000000100000000000000000000000000000
110100000100100100000000000010010100000100000001010100000000000000000000000000000
110100000100100100000000000010010100000100000001001100000000000000000000000000000
110100000100100100000000000010000100001000000001000000001100100000000000000000000
110100000100010100000001000010001100001001100000000000000000000000000000000000000
110100000100000110000000001010100001001100001000000000000000000000000000000000000
110100000100000100000000000010100100001000000001000000001100100000000000000000000
110100000100100100000010000000110010000000100000000000000010100000000000000000000
110100000100100100000010000000110000000001100000000000000010100000000000000000000
110100000100100100000010000000101100000010000000000000000010100000000000000000000
110100000100100100000010000000100000000010000000001100000010100000000000000000000
110100000100100100000010000001010100001010100000000000000000000000000000000000000
110100000100100100000010000000010100000010100000001010000000000000000000000000000
110100000100100100000010000000010100000010000000001011000000000000000000000000000
110100000100100100000010000001010100000000000000000000001010100000000000000000000
110100000100100100000010000000011100000000000000000000000011100000000000000000000
110100000100100100000010000000010110000000000000000000000010110000000000000000000
110100000100100100000010000000011100000000000000000000000010000000001100000000000
110100000100100100000010000000010110000000000000000000000010010000000100000000000
110100000100100100000010000000010100000000000000000000000010011000000100000000000
110100000100100100000010000000011100000000000000000000000011000000001000000000000
110100000100100100000010000000011100000000000000000000000010000000001000000001000
110100000100100100000010000000010100000000010000000010000010010000000000000000000
110100000100100100000010000000010110000000000000000000000000110000000010000000000
110100000100100100000010000000010110000000000000000000000000100000000010000000010
110100000100100100000010000000010100000001000000001000000001100000000000000000000
110100000100100100000000000001100100000000000000000000000000100001000011000000000
110100000100100100000000000000110100000000000000000000000001100000010000000010000
110100000100100100000000000000110100000000000000000000000000100000010011000000000
110100000100100100000000000000110000000010000000000000000000100000000100000010010
110100000100100100000000000000110000000010000000000000000000100000010011000000000
110100000100100100000000000000100110000000001000000000000000101000000001000000000
110100000100100100000000000000100110000000001000000000000000100000000001000000001
110100000100100100000000011000100011000000000000000000000000011000000000000000000
110100000100100100000000011000100011000000000000000000000000010000000001000000000
110100000100100100000000010000100011000000000000000000000000011000000001000000000
110100000100100100000000010000100011000000000000000000000000010000000001000000001
110100000100100100000000010000100010000011001000000010000000000000000000000000000
110100000100100100000000010000100010000010000000010000000010010000000000000000000
110100000100100100000000011000100010000000000000000000000000010000000001000000001
110100000100100100000000000000100010000000101000000000000000100000000001000000001
110100000100100100000000000000100010000000100000000001000000101000000001000000000
110100000100100100000000000000100010000000100000000001000000100000000001000000001
110100000100100100000000000000100010000000001000000001000000101000000100000000000
110100000100100100000000000000100010000000001000000001000000100000000100000000001
110100000100100100000000000000100000000011010000000000000000110000000100000000000
110100000100100100000000000000100000000011010000000000000000100000000100000000010
110100000100100100000000000000100000000011010000000000000000110000000010000000000
110100000100100100000000000000100000000011010000000000000000100000000010000000010
110100000100100100000000000000100000001010100001010100000000000000000000000000000
110100000100100100000000000000100000000010000000010000000000100000000100000010010
110100000100100100000000000000100000000010000000010000000000100000010011000000000
110100000100100100000000000000100000001010100001001100000000000000000000000000000
110100000100100100000000000000100000000010110000000000000000110000000010000000000
110100000100100100000000000000100000000010110000000000000000100000000010000000010
110100000100100100000000000000100000000010100000000000000001100000010000000010000
110100000100100100000000000000100000000010100000000000000000100000010011000000000
110100000100010100000010000000100000000100000000001100000010100000000000000000000
110100000100010100000010000000101010000010100000000100000000000000000000000000000
110100000100010100000010000000100011000000100000000000000010100000000000000000000
110100000100010100000010000000010110000000000000000000000000100000000010000000010
110100000100010100000010000000010100000001000000001000000001100000000000000000000
110100000100010100000001000000101100000010000000000000000100100000000000000000000
110100000100010100000001000000101100000000000000000000000100100000001000000000000
110100000100010100000001000000110100000001000000000000000001100000000000000000000
110100000100010100000001000000110010000001100000000100000000000000000000000000000
110100000100010100000001000000100000000011100000000000000010100000000000000000000
110100000100010100000001000000100011000001100000001000000000000000000000000000000
110100000100010100000001000000100010000001100000001100000000000000000000000000000
110100000100010100000001000000011100000000000000000000000011100000000000000000000
110100000100010100000001000000011100000000000000000000000010100000001000000000000
110100000100010100000001000000010010000001100000001100000000000000000000000000000
110100000100010100000001000000010011000001100000001000000000000000000000000000000
110100000100010100000001000001001100001001100000000000000000000000000000000000000
110100000100010100000001000001001100000000000000000000001001100000000000000000000
110100000100010100000001000000001110000000000000000000000001110000000000000000000
110100000100010100000001000000001110000000000000000000000001010000000100000000000
110100000100010100000001000000001100000000000000000000000001011000000100000000000
110100000100010100000001000000001100000000010000000010000001010000000000000000000
110100000100010100000001000000001110000000000000000000000000100000000010000000010
110100000100010100000000000000110000000100000000000000000010010000000100000000100
110100000100010100000000000000100000000100000000010000000010010000000100000000100
110100000100010100000000000000100000000100000000010000000010011000000100000000000
110100000100010100000000000000110000000010000000000000000100011000000100000000000
110100000100010100000000000000110100000000000000000000000110010000000100000000000
110100000100010100000000000000110100000000000000000000000110000000001100000000000
110100000100010100000000010000110010000000000000000000000110010000000000000000000
110100000100010100000000000000110010000000100000000100000110000000000000000000000
110100000100010100000000000000110100000000000000000000000101100000010000000000000
110100000100010100000000000000110100000000000000000000000100000000010000000001100
110100000100010100000000000000110010000000100000000100000100000000010000000000000
110100000100010100000000000000100000000010000000010000000100011000000100000000000
110100000100010100000000000000100000000010000000010000000100010000000100000000100
110100000100010100000000000000101100000010000000000000000100100000010000000000000
110100000100010100000000000000100000000011100000000000000100000000010100000000000
110100000100010100000000000000100000000010100000000000000100011000000100000000000
110100000100010100000000000000110100000000000000000000000010011000000100000000000
110100000100010100000000000000100100000010000000000000000010011000000100000000000
110100000100000100000011000000011100000000000000000000000011100000000000000000000
110100000100000100000010000000110100000000000000000000000101100000010000000000000
110100000100000100000010000000110100000000000000000000000010011000000100000000000
110100000100000110000010000000010110000000000000000000000010110000000000000000000
110100000100000110000000001001100001001100001000000000000000000000000000000000000
110100000100000110000000001000100001000100001000010100000000000000000000000000000
110100000100000110000000001000100001000100000000010110000000000000000000000000000
110100000100000110000000000000100000000100000000010110000000110000000000000000000
110100000100000110000000000000100000000100000000010110000000100000000010000000000
110100000100000110000000000000100000000100000000010100000000100000000010000000010
110100000100000100000000000000100000000100000000010110000000100000000010000000010
110100000100000100000000000000100000000100000000010100000001100000010000000010000
110100000100000100000000000000100000000100000000010100000000100000010011000000000
110100000100000110000000001001100001000000000000000000001100001000000000000000000
110100000100000110000000001000110001000000000000000000000110001000000000000000000
110100000100000110000000001000110001000000000000000000000100000000010000000010000
110100000100000110000000001000110001000000000000000000000100000000010001000000000
110100000100000110000000000000100110000000000000000000000100101000000010000000000
110100000100000110000000001000100110000000001000000000000100001000000000000000000
110100000100000110000000000000100110000000000000000000000100001000000110000000000
110100000100000110000000000000100110000000000000000000000100001000000100000000010
110100000100000110000000000000100110000000000000000000000100000000011100000000000
110100000100000110000000000000100110000000000000000000000100000000010110000000000
110100000100000110000000001000100101000000000000000000000100101000000000000000000
110100000100000110000000001000100101000000010000000000000100100000000000000000000
110100000100000110000000001000100101000000000000000000000100100000000001000000000
110100000100000110000000000000100101000000010000000000000100100000000010000000000
110100000100000110000000000000100100000000010000000000000100000000011010000000000
110100000100000110000000001000100001000000000000000000000100000000011001000000000
110100000100000100000000000000110100000001000000000000000101100000010000000000000
110100000100000100000000000000110010000000100000000100000100000000010000000010000
110100000100000100000000010000100110000000000000000000000100101000000010000000000
110100000100000100000000000000100110000000001000000000000100101000000010000000000
110100000100000100000000010000100110000000000000000000000100000000011010000000000
110100000100000100000000011000100011000000000000000000000100011000000000000000000
110100000100000100000000000000100011000000100000000000000100011000000100000000000
110100000100000100000000000000100011000000100000000000000100000000011100000000000
110100000100000100000000000000100010000000100000000100000100001000000010000000010
110100000100000100000000000000100010000000100000000100000100000000011010000000000
110100000100000100000000000000100000000011100000000000000100000000011100000000000
110100000100000110000000001000100001000011100000000001000000000000000000000000000
110100000100000110000000001000100001000010000000010000000010001000000000000000000
110100000100000110000000000000100000000011100000000000000000100000000010000000010
110100000001100100000010000100000000100000000010000000010010100000000000000000000
110100000001100100000000000100000000100000000010000000010010100000100000000000000
110100000001010100000100000100000000100000000010000000010100100000000000000000000
110100000001010100000001000100000000100000000010000000010001100000000000000000000
110100000001000100000000000100000100100000000010100010010000100000000000000000000
110100000001000110000000001100100001100100001000000000000000000000000000000000000
110100000001000000000000000100100100100100100001000000001000100000000000000000000
110100000001000000000000000100100100100000100001000000001100100000000000000000000
110100000001000000000000000100100100100000010001000000001100010000000000000000000
110100000001100100000010000110010000000000000000000000110000100000000000000000000
110100000001100100000000000110000000001100000000000000110000100000000000000000000
110100000001100100000000000110010000000100000000000000110000100000000000000000000
110100000001010100000001000110001000000000000000000000110000100000000000000000000
110100000001100100000000000110000100000000000000000000101100000010000000000000000
110100000001100100000000000110000100000000000000000000100000000010000000001100000
110100000001100100000010000110010000000000000000000000100010100000000000000000000
110100000001100100000010000110000100000000000000000000100010100000000000000000000
110100000001100100000000000110000100000000000000000000100011000000100000000000000
110100000001100100000000000110000100000000000000000000100010100000100000000000000
110100000001010000000010000110100000000000000000000000100010000001100000000000000
110100000001010000000010000110001000000000000000000000100010000001001000000000000
110100000001010100000001000110001000000000000000000000100001100000000000000000000
110100000001010100000001000110000100000000000000000000100001100000000000000000000
110100000001010000000000000110010000001100000000000000100110000000000000000000000
110100000001010000000000000110010000000100000001000000100110000000000000000000000
110100000001000000000010000110010000000100000001000000100110000000000000000000000
110100000001000100000000000110000100001100000000000000100100100000000000000000000
110100000001000000000000000110000000001101000000000000100110000000001000000000000
110100000001000100000000000100100100010000000000000000100000000010100100000000000
110100000001010000000010000100000000010100000000000000100010000001100000000000000
110100000001010000000010000100000000010010000001100000100100000000000000000000000
110100000001010000000010000101000000010010000000000000101100000000000000000000000
110100000001010000000010000100000000011010000000000000101100000000000000000000000
110100000001010000000010000100000000010010000001000000101100000000000000000000000
110100000001010000000000000100100000010010000001000000100110000000000000000000000
110100000001010000000000000101000000010110000000000000100110000000000000000000000
110100000001010000000000000100000000010110000001000000100110000000000000000000000
110100000001010000000000000101000000010110000000000000100010000000100000000000000
110100000001010000000000000100000000010110000001000000100010000000100000000000000
110100000001010000000000000101000000010110000000000000101010000000000000000000000
110100000001010000000000000100000000010110000001000000101010000000000000000000000
110100000001010000000000000101000000010010000000100000100110000000000000000000000
110100000001010000000000000100000000010010000001100000100110000000000000000000000
110100000001000000000011100101000100010000000000000000100000100000000000000000000
110100000001000000000010000100100000010010000001000000100110000000000000000000000
110100000001000000000010000101000000010110000000000000100110000000000000000000000
110100000001000000000010000100000000010110000001000000100110000000000000000000000
110100000001000000000010000101000000010110000000000000100010000000100000000000000
110100000001000000000010000100000000010110000001000000100010000000100000000000000
110100000001000000000010000101000000010110000000000000101010000000000000000000000
110100000001000000000010000100000000010110000001000000101010000000000000000000000
110100000001000000000010000101000000010010000000100000100110000000000000000000000
110100000001000000000010000100000000010010000001100000100110000000000000000000000
110100000001000000000000000100100000010100100001000000101000100000000000000000000
110100000001000000000000000100100000010010000001100000101010000000000000000000000
110100000001000000000000000100100100010000000001100100100000100000000000000000000
110100000001000000000000000100100100010000000001000011100100000000000000000000000
110100000001000000000000000101100000010000000000000000100000110000100001000000000
110100000001000000000000000101100000010000000000000000100000100000100011000000000
110100000001000000000000000100100100010000100000000000100000000001100100000000000
110100000001000100000000000101000000010100100000000000100100100000000000000000000
110100000001000100000000000100000000010100100001000000100100100000000000000000000
110100000001000100000000000101000000010100100000000000101000100000000000000000000
110100000001000100000000000100000000010100100001000000101000100000000000000000000
110100000001000100000000000100000000010000100001100000100100100000000000000000000
110100000001000000000000000100000110010000000001100001100100000000000000000000000
110100000001000000000000000100000000010000000001101000100110000000001000000000000
110100000001000000000000000100000000010010100001100000100100100000000000000000000
110100000001000000000000000100010000010001000001100000101001000000000000000000000
110100000001100100000000000100100010000000100000000000101000100000000000000000000
110100000001010000000010000101100000000000000000000000100101000000010000000000000
110100000001010000000010000101100000000000000000000000101001000000010000000000000
110100000001010000000010000100101000000010000000000000100000000001000000001000000
110100000001010000000010000101001000000000000000000000100011000001000000000000000
110100000001010000000010000101000100000000000000000000100010100001000000000000000
110100000001010000000000000100110000000000000000000000101001000000110000000000000
110100000001010000000000000100110000000000000000000000101001000000100000000010000
110100000001010000000000000101100000000000000000000000101001000000010000000010000
110100000001010000000000000101001000000110000000000000101010000000000000000000000
110100000001010000000000000101001000000100000000010000101010000000000000000000000
110100000001000000000011100101100000000000000000000000100100100000000000000000000
110100000001000000000011100101100000000000000000000000101000100000000000000000000
110100000001000000000011100100100100000000000000000000101000100000000000000000000
110100000001000000000011100100100100000000000000000000100000000001000000001000000
110100000001000000000011100101000100000000000000000000101000100000000000000000000
110100000001000000000011100101000100000000000000000000100000100001000000000000000
110100000001000000000010000100110000000000000000000000101001000000110000000000000
110100000001000000000010000100110000000000000000000000101001000000100000000010000
110100000001000000000010000101100000000000000000000000101001000000010000000010000
110100000001000000000010000100101000000010000000000000100010000001000000001000000
110100000001000000000010000101001000000110000000000000101010000000000000000000000
110100000001000000000010000101001000000100000000010000101010000000000000000000000
110100000001000000000000000100100100001100010000000000101000010000000000000000000
110100000001000000000000000100100100001100100000000000100000100001000000000000000
110100000001000000000000000100100100000100011000000000100000000001000000001000000
110100000001000110000000001101100000000000000000000000100100001000000000000000000
110100000001000110000000001100100001000000000000000000100100001000000000000000000
110100000001000100000000000101100000000000000000000000100100010000000100000000100
110100000001000000000000000100100000001010000001010000100110000000000000000000000
110100000001000000000000000100100100001000011000000000100100000001000000000000000
110100000001000000000000000101100000000000000000000000101000100000100011000000000
110100000001000000000000000101100000000000000000000000100000110001100001000000000
110100000001000000000000000101100000000000000000000000100000110000100001001000000
110100000001000000000000000101100000000000000000000000100000100000100011001000000
110100000001000000000000000100100000001000000000000000101000100000100011000000000
110100000001000000000000000100100000001000000000000000100000110001100001000000000
110100000001000000000000000100100000001000100000000000100000100001100100000000000
110100000001000000000000000100110000000000000000000000100010000001100000001010000
110100000001000000000000000100110000000000000000000000100001000001100000001010000
110100000001000000000000000100100100000000000000000000100000011001100100000000000
110100000001000000000000000100100100000000000000000000100000011001100000000000100
110100000001000000000000000100100100000000000000000000100000010001100100000000100
110100000001000000000000000100100100000000010000000010100000010001100000000000000
110100000001000110000000001101100000000000000000000000101000001000000000000000000
110100000001000110000000001100100001000000000000000000101000001000000000000000000
110100000001000110000000001100100001000000000000000000100000000001000000001000000
110100000001000100000000000101100000000000000000000000101000010000000100000000100
110100000001000100000000000100100010000000100000000000100000100001000000001000000
110100000001000100000000000100100010000000100000000100100000000001000000001000000
110100000001000000000000000100110000000000000000000000100001000001010000001010000
110100000001000000000000000100100100000000000000000000100000011001000100001000000
110100000001000000000000000100100100000000000000000000100000010001000100001000100
110100000001000000000000000100100100000000010000000010100000010001000000001000000
110100000001000000000000000100010100001100000000100000101000100000000000000000000
110100000001000000000000000101010000000100000000000000100011000001100000000000000
110100000001000000000000000101010000000100000000000000100001000001100000000010000
110100000001000000000000000101010000000100000000000000100011000000100000001000000
110100000001000000000000000100000110001100001000000000101000001000000000000000000
110100000001100100000010000110010000001010100000000000000000000000000000000000000
110100000001100100000010000110000100001010100000000000000000000000000000000000000
110100000001100100000000010110000010001100010000000000000000000000000000000000000
110100000001100100000000000110000010001100001000000100000000000000000000000000000
110100000001100100000000000110010000000100000001001100000000000000000000000000000
110100000001010000000010000110001000001000000000000000001011000000000000000000000
110100000001010000000010000110001000001000000000000000001001000000010000000000000
110100000001010000000010000110000100001000000000000000001010100000000000000000000
110100000001010000000010000110001000001000000000000000000010000000001000000001000
110100000001010000000010000110000100001000000000010011000000000000000000000000000
110100000001010000000001000110010000001000000000000000001011000000000000000000000
110100000001010000000001000110010000001000000000000000001001000000010000000000000
110100000001010000000001000110001000001000000000000000001010000000001000000000000
110100000001010000000001000110010000001000000000000000000010000000001000000001000
110100000001010000000001000110001000001000000000000000000010000000010000000001000
110100000001010100000000000110000100001100000000010100000000000000000000000000000
110100000001000100000100011110000100001100000000000000000000000000000000000000000
110100000001000000000100100110000100001000000000000000001100100000000000000000000
110100000001000000000011000110010000001000000000000000001011000000000000000000000
110100000001000000000011000110010000001000000000000000001001000000010000000000000
110100000001000000000011100110000100001000000000000000001000100000000000000000000
110100000001000000000011000110010000001000000000000000000010000000001000000001000
110100000001000000000010000110010000001000000000000000001101000000010000000000000
110100000001000000000010000110001000001000000000000000001001000000010000000010000
110100000001000000000010100110000100001000000000000000001010100000000000000000000
110100000001000000000000000110100000001000000000000000000100110001000001000000000
110100000001000000000000000110100000001000000000000000000100100001000011000000000
110100000001000000000000000110000100001100000000000000000100000001010100000000000
110100000001000000000000000110000100001100000000000000000100011000000100000000000
110100000001000000000000000110000100001100000000000000000100010000000100000000100
110100000001000000000000000110000100001100000000000000000100000000011100000000000
110100000001000000000000000110000100001000000000000000001100100000100100000000000
110100000001000000000000000110000100001000000000000000001100010000100100000000000
110100000001000000000000000110000100001000000000000000000100000000100000001010100
110100000001000000000000000110000100001000000000000000001100000000011100000000000
110100000001100100000010000101010000010010100000000000000000000000000000000000000
110100000001100100000010000101000100010010100000000000000000000000000000000000000
110100000001100100000010000100010100010010100000000000000000000000000000000000000
110100000001100100000000000101100000010000011000000100000000000000000000000000000
110100000001100100000000010100100010011000010000000000000000000000000000000000000
110100000001100100000000000100100010011000001000000100000000000000000000000000000
110100000001100100000000000101010000010001100000100000000000000000000000000000000
110100000001100100000000000101000100010011000000100000000000000000000000000000000
110100000001100100000000000100010100010010100000100000000000000000000000000000000
110100000001100100000000000100010100010001100000100000000000000000000000000000000
110100000001010000000010000100010100010000011001000000000000000000000000000000000
110100000001010100000001000100001100010001100000000000000000000000000000000000000
110100000001000100000010000100010100010010100001000000000000000000000000000000000
110100000001000110000000001100100001010100001000000000000000000000000000000000000
110100000001000000000000000100100100010100100001000000001000100000000000000000000
110100000001000000000000000100100100010000100001000000001100100000000000000000000
110100000001000000000000000100100100010000011001000000001100000000000000000000000
110100000001000000000000000100100100010000010001000000001100010000000000000000000
110100000001000100000000000100010100010010100001100000000000000000000000000000000
110100000001000100000000000100010100010001100001100000000000000000000000000000000
110100000001100100000010000100010100000000000000000000010010100000000000000000000
110100000001010100000001000100001100000000000000000000010001100000000000000000000
110100000001100100000010000100010100001010100000000000000000000000000000000000000
110100000001100100000000000100010100000100000001010100000000000000000000000000000
110100000001100100000000000100010100000100000001001100000000000000000000000000000
110100000001010000000010000100001000001000000001000000000010000000001000000001000
110100000001010100000001000100001100001001100000000000000000000000000000000000000
110100000001010000000001000100011000001000000001000000000011000000000000000000000
110100000001010000000001000100011000001000000001000000000010000000001000000000000
110100000001010000000001000100010000001000000001000000000010000000001000000001000
110100000001010000000001000100001000001000000001000000000010000000010000000001000
110100000001010000000001000100011000001000000000000000001011000000000000000000000
110100000001000000000011000100011000001000000001000000000011000000000000000000000
110100000001000000000011000100011000001000000001000000000010000000001000000000000
110100000001000000000011000100010000001000000001000000000010000000001000000001000
110100000001000000000011000100011000001000000000000000001011000000000000000000000
110100000001000100000010000100010100001000000001000000000010100000000000000000000
110100000001000000000010000100011000001000000001000000000010000000001000000001000
110100000001000100000000000100100100001010100000000000001100000000000000000000000
110100000001000100000000000100100100001000000000000000001100010000000100000000000
110100000001000000000000000100100100001000000001000000000100011000000100000000000
110100000001000000000000000100100100001000000001000000000100010000000100000000100
110100000001000000000000000100100100001000000001000000000100000000011100000000000
110100000001000000000000000100100100001000010000000010001100010000000000000000000
110100000001000000000000000100100100001000000000000000001100010000000100000000100
110100000001000000000000000100100100001000000000000000001100000000011100000000000
110100000001000000000000000100100100001000000000000000000100011001000100000000000
110100000001000000000000000100100100001000100000000000000100011000000100000000000
110100000001000000000000000100100100001000100000000000000100000000011100000000000
110100000001000000000000000100000110000100001001000000001100001000000000000000000
110100000001000100000000000100000100001000000001000000000100000000100000000010100
110100000001000100000000000100000100001000000001000000000100011000000100000000000
110100000001000100000000000100000100001000000001000000000100000000011100000000000
110100000001100100000010000000011100000000000000000000000011100000000000000000000
110100000001100100000010000000010110000000000000000000000010110000000000000000000
110100000001100100000010000000011100000000000000000000000010000000001100000000000
110100000001100100000010000000010110000000000000000000000010010000000100000000000
110100000001100100000010000000010100000000000000000000000010011000000100000000000
110100000001100100000010000000011100000000000000000000000010000000001000000001000
110100000001100100000010000000010100000000010000000010000010010000000000000000000
110100000001100100000010000000010110000000000000000000000000100000000010000000010
110100000001100100000010000000010100000001000000001000000001100000000000000000000
110100000001100100000000000000110100000000000000000000000001100000010000000010000
110100000001100100000000000000110100000000000000000000000000100000010011000000000
110100000001100100000000011000100011000000000000000000000000011000000000000000000
110100000001100100000000011000100011000000000000000000000000010000000001000000000
110100000001100100000000010000100011000000000000000000000000010000000001000000001
110100000001100100000000010000100010000010000000010000000010010000000000000000000
110100000001100100000000000000100010000000100000000001000000100000000001000000001
110100000001100100000000000000100010000000001000000001000000100000000100000000001
110100000001100100000000000000100000000011010000000000000000100000000100000000010
110100000001100100000000000000100000000011010000000000000000100000000010000000010
110100000001100100000000000000100000000010000000010000000000100000000100000010010
110100000001100100000000000000100000000010000000010000000000100000010011000000000
110100000001100100000000000000100000000010110000000000000000100000000010000000010
110100000001100100000000000000100000000010100000000000000001100000010000000010000
110100000001100100000000000000100000000010100000000000000000100000010011000000000
110100000001010000000100100001010100001010100000000000000000000000000000000000000
110100000001010000000100100001010100000000000000000000001010100000000000000000000
110100000001010100000001000000101100000000000000000000000100100000001000000000000
110100000001010000000001000001100000000011000000000000001011000000000000000000000
110100000001010000000001000001100000000010000000001000001011000000000000000000000
110100000001010100000001000000011100000000000000000000000011100000000000000000000
110100000001010100000001000000011100000000000000000000000010100000001000000000000
110100000001010100000001000000001110000000000000000000000001110000000000000000000
110100000001010100000001000000001110000000000000000000000001010000000100000000000
110100000001010100000001000000001100000000000000000000000001011000000100000000000
110100000001010100000001000000001100000000010000000010000001010000000000000000000
110100000001010000000001100001010100001010100000000000000000000000000000000000000
110100000001010000000001100001010100000000000000000000001010100000000000000000000
110100000001010100000000000000100000000100000000010000000010010000000100000000100
110100000001010100000000000001100000000010000000000000000100000001010100000000000
110100000001010100000000000001100100000000000000000000000100100000010000000010000
110100000001010100000000000000110100000000000000000000000110010000000100000000000
110100000001010100000000000000110100000000000000000000000110000000001100000000000
110100000001010100000000010000110010000000000000000000000110010000000000000000000
110100000001010100000000000000110010000000100000000100000110000000000000000000000
110100000001010100000000000000110100000000000000000000000100000000010000000001100
110100000001010100000000000000110010000000100000000100000100000000010000000000000
110100000001010100000000000000100000000010000000010000000100011000000100000000000
110100000001010100000000000000100000000010100000000000000100011000000100000000000
110100000001010100000000000001100010001001100000010000000000000000000000000000000
110100000001010100000000000001110000000000000000000000000010010000000100000000100
110100000001010100000000000001110000000000000000000000000010011000000100000000000
110100000001010100000000000001100100000000000000000000000010000000010000000001100
110100000001010100000000000001100100000000000000000000000010011000000100000000000
110100000001010100000000000000110100000000000000000000000010011000000100000000000
110100000001010100000000000000100100000010000000000000000010011000000100000000000
110100000001010000000000000001100100000000000000000000001001100000010000000010000
110100000001010000000000000000110100000000010000000010001010010000000000000000000
110100000001010000000000000000110100000000000000000000001010010000000100000000100
110100000001000100000100011001100100001000100000000000000000000000000000000000000
110100000001000100000100011001100100000000000000000000001000100000000000000000000
110100000001000100000100010001100100000000000000000000001000110000000000000000000
110100000001000000000100110001100100000000000000000000001000110000000000000000000
110100000001000000000100110001100100000000000000000000001000010000000100000000000
110100000001000000000100100001100100000000000000000000001000011000000100000000000
110100000001000000000100100001100010000000000000000000001000010000000100000000100
110100000001000000000100100000100000001010100001010100000000000000000000000000000
110100000001000000000100100000100000001010100001001100000000000000000000000000000
110100000001000000000100110000100110000000000000000000001000110000000000000000000
110100000001000000000100110001000110000000000000000000001000110000000000000000000
110100000001000000000011100001100010000000000000000000000100110000000000000000000
110100000001000000000011100001100010000000000000000000001000110000000000000000000
110100000001000000000011000001100000000011000000000000001011000000000000000000000
110100000001000000000011000001100000000010000000001000001011000000000000000000000
110100000001000000000011100001100010000000000000000000000000100000000100000000010
110100000001000000000011100001100010000000000000000000000000100000000010000000010
110100000001000000000011100000100110000000000000000000001000110000000000000000000
110100000001000100000011000000011100000000000000000000000011100000000000000000000
110100000001000000000011100001000110000000000000000000001000110000000000000000000
110100000001000000000011100001000110000000000000000000001000010000000100000000000
110100000001000000000011100001000100000000000000000000001000011000000100000000000
110100000001000000000011100001000100000000010000000010001000010000000000000000000
110100000001000000000010110001100100000000000000000000001100010000000000000000000
110100000001000000000010110001100100000000000000000000000100110000000000000000000
110100000001000100000010000000110100000000000000000000000010011000000100000000000
110100000001000000000010100001100100001001100000010000000000000000000000000000000
110100000001000000000010110001100100000000000000000000001000110000000000000000000
110100000001000000000010100001100100000010000000000000001010100000000000000000000
110100000001000000000010000001100100000000000000000000001001100000010000000010000
110100000001000000000010100001100100000000000000000000000010000000010000000001100
110100000001000000000010100001100100000000000000000000000010011000000100000000000
110100000001000000000010110000100110000000000000000000001000110000000000000000000
110100000001000000000010000000110100000000010000000010001010010000000000000000000
110100000001000000000010000000110100000000000000000000001010010000000100000000100
110100000001000110000010000000010110000000000000000000000010110000000000000000000
110100000001000100000010000001010100000000000000000000000010011000000100000000000
110100000001000000000010100001001100001001100000010000000000000000000000000000000
110100000001000000000010110001000110000000000000000000001000110000000000000000000
110100000001000000000010100001010100000000000000000000001000011000000100000000000
110100000001000000000010000001010100000000010000000010001010010000000000000000000
110100000001000110000000000000100000000100000000010110000000110000000000000000000
110100000001000110000000000000100000000100000000010110000000100000000010000000000
110100000001000100000000000000100000000100000000010100001010010000000100000000000
110100000001000100000000000000100000000100000000010100001000011000000100000000000
110100000001000100000000000000100000000100000000010000001010010000000100000000100
110100000001000000000000000001100100000100100000000000001000011000000100000000000
110100000001000000000000000000100000000100000001010100001000011000000100000000000
110100000001000110000000000000100110000000000000000000000100001000000110000000000
110100000001000110000000000000100110000000000000000000000100001000000100000000010
110100000001000110000000000000100110000000000000000000000100000000011100000000000
110100000001000110000000000000100110000000000000000000000100000000010110000000000
110100000001000110000000000000100100000000010000000000000100000000011010000000000
110100000001000100000000011001100010000000000000000000001100001000000000000000000
110100000001000100000000000001100010000000100000000000001100001000000100000000000
110100000001000100000000000001100010000000100000000000000100000001010100000000000
110100000001000100000000000001110000000000000000000000000110010000000100000000100
110100000001000100000000011001100010000000000000000000000100011000000000000000000
110100000001000100000000000001100010000000100000000000000100000000011100000000000
110100000001000100000000010000100110000000000000000000000100000000011010000000000
110100000001000100000000011000100011000000000000000000000100011000000000000000000
110100000001000100000000000000100011000000100000000000000100000000011100000000000
110100000001000100000000000000100010000000100000000100000100000000011010000000000
110100000001000000000000000001100100001010010000000000000110100000000000000000000
110100000001000000000000000001100100001010100000000000000100000000010100000000000
110100000001000000000000000001100100001000100000000000000100011000000100000000000
110100000001000000000000000001100100001000010000000000000100000000011010000000000
110100000001000000000000000001100100000010100000000000000100100001010000000000000
110100000001000000000000000001100100000000000000000000000100000001010100000010100
110100000001000000000000000001100100000000000000000000000100000001010010000010100
110100000001000000000000000001100100000000000000000000000100000001010100000001100
110100000001000000000000000001100100000000000000000000000100000001010010000001100
110100000001000000000000000001100100000000010000000010000100000001010010000000000
110100000001000000000000000000100000001010100001010100000100100000000000000000000
110100000001000000000000000000100000001010100001001100000100100000000000000000000
110100000001000000000000000000100100001000011000000000000100000000011100000000000
110100000001000110000000000001100001000000110000000000000000110000000000000000000
110100000001000110000000000001100001000000110000000000000000100000000010000000000
110100000001000110000000000001100001000000100000000010000000110000000000000000000
110100000001000110000000000001100001000000100000000010000000100000000010000000000
110100000001000100000000000001110000000000000000000000001010010000000100000000100
110100000001000100000000011001100010000000000000000000001000011000000000000000000
110100000001000100000000011000100011000000000000000000001000011000000000000000000
110100000001000000000000000001100100000010000000000000001010100000010100000000000
110100000001000000000000000001100000000010010000000000001010100000000010000000010
110100000001000000000000000000110100000000000000000000001010100001010100000000000
110100000001000000000000000000100100000010000000000000001010100001010100000000000
110100000000000000000000000100010100100010100000100000010100100000000000000000000
110100000000000000000000000100010100100001100000100000010100100000000000000000000
110100000000011000000000000110100000000011000000000000110010000000000000000000000
110100000000011000000000000110100000000010000000001000110010000000000000000000000
110100000000011000000000000110010000000000000000000000110000000001011000000000000
110100000000011000000000000110010000000000000000000000110000000001001000000010000
110100000000010000000001000110100000000010000000001000110010000000000000000000000
110100000000010000000001000110010000000000000000000000110000000001011000000000000
110100000000010000000001000110010000000000000000000000110000000001001000000010000
110100000000010100000000000110000100000000000000000000110000000001010100000000000
110100000000000000000000000110000000001100100000100100110000100000000000000000000
110100000000000000000000000110000000001100010000100100110000100000000000000000000
110100000000000000000000000110000000001110000000000000110000000001110000000000000
110100000000000000000000000110000000001100100000000000110000000001100100000000000
110100000000000000000000000110000000001110000000000000110000000000100000001010000
110100000000011000000000000110010000000000000000000000100010000010000000001001000
110100000000011000000000000110010000000000000000000000100000000010000000001011000
110100000000010000000001000110010000000000000000000000100010000010000000001001000
110100000000010000000001000110010000000000000000000000100000000010000000001011000
110100000000010000000000000110000100000000000000000000100010100010010100000000000
110100000000010100000000000110000100000000000000000000100000000010000000001010100
110100000000000000000000000110100000000000000000000000100010100010010100000100000
110100000000000000000000000110100000000000000000000000100010100010010010000100000
110100000000000000000000000110100000000000000000000000100010100010001100000100000
110100000000000000000000000110100000000000000000000000100010100010001010000100000
110100000000000000000000000110000000001100100000000000100100100010000100000000000
110100000000000000000000000110000000001100010000000000100100100010000010000000000
110100000000000000000000000110000000001110000000000000100100000010000000001010000
110100000000000000000000000110000000001110000000000000100000000010000000001110000
110100000000000000000000000110000000001100100000000000100000000010000000001100100
110100000000000000000000000110000000000100000001010000100000000010000000001110000
110100000000000000000000000110000100000000000000000000100100010010100010000000100
110100000000000000000000000110000100000000000000000000100100010010100001000000100
110100000000000000000000000110000100000000000000000000100100100010000000001100100
110100000000000000000000000110000100000000000000000000100100100010000000001100010
110100000000010000000001000110100000000010000000001000100011000000000000000000000
110100000000011000000000000100010000010001000000000000100001000010010000000000000
110100000000010000000001000100010000010001000000000000100001000010010000000000000
110100000000010000000000000100100000010010000000000000100100000010001000000010000
110100000000000000000000000100100100010100010000000000100000010010000100000000000
110100000000000000000000000100100000010010000000001000100100000010001000000010000
110100000000000000000000000100100100010000100000000000100000000010000000001100100
110100000000000000000000000100100100010000010000000000100000000010000000001100010
110100000000000000000000000100100100010000000000000000100000000010010100001100000
110100000000000000000000000100100000010000000001010000100000000010000000001110000
110100000000000000000000000100010000010001000000100000100001000010010000000100000
110100000000000000000000000100000000010000000001100100100000000010000000001100100
110100000000000000000000000100010000010001000001100000100001000010010000000000000
110000000001100100000000000110000000001100100000000000100100100000000000000000000
110000000001100100000000000100100000010000100000000000100000100010100000000000000
110000000001100100000000000100000000010000000001100100100100100000000000000000000
100100100010000000001000000100100100010000000001000000010100100000000000000000000
100100100010010000001001000010001100000000000000000000001010100000000000000000000
100100100010010010001000000001100010000000000000000000001010100000000000000000000
