000000000000000000000001001000000000000001010001000101000001000001000101001010100
000000000000000000000001001000000000000001010001000101001000100001000101010001000
000000000000000000000001001000000000001000011001001010000001100001000000010000011
000000000000000000000001001000000000000001010001000101001000000010000101010001100
000000000000000000000001001000000000000000011001010100000001011000010000001001010
000000000000000000000001001000000000001000011001001010000001000000010011001000100
000000000000000000000001001000000000000001010001000101001000000001000101010001100
000000000000000000000001001000000000000001010001000101001000000001001100010000101
000000000000000000000001001000000000000001010001000101001000000010000101100001100
000000000000000000000001001000000000000001010001000101000001000000010101001100100
000000000000000000000001001000000000001000011001001010000000000001010010010001001
000000000000000000000001001000000000001000011001001010000000000001010001010001010
000000000000000000000001001000000000000001010001000101000000100001000101011001000
000000000000000000000001001000000000000001010001000101000000100001000101110001000
000000000000000000000001001000000000000001010001000101000000100000001101001110000
000000000000000000000001011000000000000000001001010010000000010001010001001011000
000000000000000000000001001000000000000001010001000101000001000000110100001000101
000000000000000000000001001000000000000001010001000011001000000001001100010000011
000000000000000000000001001000000000000001010001000101000001101001000000011000100
000000000000000000000001001000000000000001010001000101000001101001000000110000100
000000000000000000001001001000000000000000010001010100000000001000011010001010010
000000000000000000001001001000000000000000010001010100000000001000011010001001010
000000000000000000000001001000000000000001011001000010001000000001001100010000011
000000000000000000000001011000000000000000001001010010000000010001001001001011000
000000000000000000000001001000000000001000011001001001000000000001010010010001010
000000000000000000000000000000000001000011010001001100000001010000010100001010001
000000000000000000000001001000000001000001010001000100001000000001000101010001100
000000000000000000000001001000000000000001110001000001001000000001001010010000011
000000000000000000000000000000000001000011010001001100000000010000110001001001100
000000000000000000000001001000000010000001100001000001001000000001001010010000011
000000000000000000000001001000000010000001100001001001001000000001000010010000011
000000000000000000000001001000000000001000011010001010000001100001000010010000001
000000000000000000000000000000000001000011010001001100000001010000010100001100001
000000000000000000000000000000000001000011010001001100000001010000100100001010001
000000000000000000000000000000000001000011010001001100000000100001001010001010001
000000000000000000000000000000000001000011010001001100000000100001010001010001010
000000000000000000000000000000000001000011010001001100001001000001010001010000100
000000000000000000000000000000000001000011010001001100000001010000100100001100001
000000000000000000000000000000000001000011010001001100000000100001001010001100001
000000000000000000000000000000000001000011010001001100000000100001100001010001010
000000000000000000000000000000000001000011010001001100001001000001100001010000100
000000000000000000000001001000000000000001010001000011000001000001000110001010001
000000000000000000000001001000000000000001010001000011001000001001000110010001000
000000000000000000000001001000000000000001010001000011000001000001010010011000001
000000000000000000000001001000000000000001010001000011000001100001000010011000001
000000000000000000000001001000000000000001010001000101000000010001001100011000001
000000000000000000001001001000000000000000010000010011000001000001010010010010001
000000000000000000000001001000000000000001010001000011000000001001000110011001000
000000000000000000000001001000000000000001010001000011000000001001001100001010010
000000000000000000000001001000000000000001010001000011001001000001010010010000001
000000000000000000000001001000000000000001010001000011001000010001001100010000001
000000000000000000000001001000000000000000010001000011000001001001001100001010010
000000000000000000000001001000000000000001010001000011000000010001001100011000001
000000000000000000000001001000000000000000010001000011001001000001010010010001001
000000000000000001000001011000000000000010000001011000001000000001010001010001000
000000000000000001000001011000000000001000000110000010000001000000010010001001001
000000000000000001000001011000001000000010010001001001001000000001000000010000010
000000000000000000000001001000000000000001010001000101000001000001010010011000001
000000000000000000000001001000000000000000010001000011001000010001001100010001001
000000000000000000000001001000000000000000011001001010000000001001001100011000010
000000000000000000000001001000000001000000010001001010000000001001001100011000010
000000000000000000000001001000000010000000010001001001000000010001001100011000001
000000000000000000000000000000000001000011010001001100001000001001001010010000100
000000000000000000000001001000000000000000011001001010000001000001010001011000010
000000000000000000000001001000000001000000010001001010000001000001010001011000010
000000000000000000000001001000000001001010010011001000000010000000010000001001001
000000000000000000000001011000000000000000001001001010000001000001010001011000010
000000000000000000000000000000000001000011010001001100001000001010000100010001010
000000000000000000000000000000000001000011010001001100001000001010000100100001010
000000000000000000000001011000000000000000001001010010000000010001001001011010000
000000000000000000000001001000000000000001010001000011000001000000110001001000110
000000000000000000000001001000000000000001010001000011000000001001000110110001000
000000000000000000000001001000000000000000011001010010000000010000011001001001100
000000000000000000000001001000000000000001010001000011000000001000011100001100010
000000000000000000000001001000000000000001010001000011000001000001010010110000001
000000000000000000001001001000000000000001010010000011000000000001001001010010010
000000000000000000001001001000000000000001010010000011000001000001000001010010010
000000000000000000000001001000000000000001010001000011000001100001000010110000001
000000000000000000000001001000000000000001010001000011000001110001000000011000001
000000000000000000001001001000000000000000001001010010000000010000011100001001001
000000000000000000000000011000000000000011001001001010000000000001001010011000001
000000000000000000001001001000000000000000010000001011001000000010001001010010010
000000000000000001000001011000000000001000000010001010000000000001001010001010001
000000000000000000000000011000000000000011001001001010000000000001001010110000001
000000000000000001000000010000000000000011001001001010000000000001001010011000001
000000000000000000001001001000000000000000010000001011001000000010001001100010010
000000000000000001000000010000000000000011001001001010000000000001001010110000001
000000000000000000000000000000000001000011010001001100000000001001001100011000010
000000000000000000000001001000000000000000011001001100000000001001001100011000010
000000000000000000000001001000000001000000010001001100000000001001001100011000010
000000000000000000000000000000000001000011010001001100000000001001001100110000010
000000000000000000001001001000000000000000010000001011001000100010000010010001001
000000000000000000001001001000000000000000010000001011001000100010000010100001001
000000000000000000001001001000000000000000010000001011000000010001010100010001001
000000000000000000000001001000000000000001010001000011000001110001000000110000001
000000000000000000000001001000000000000001010001000011000000001000001110001110000
000000000000000000000001001000000000000001010001000011000000001000110010001001100
000000000000000000000001001000000000000001010001000011000000010001001100110000001
000000000000000000000000000000000001001001010001010100000001100000101010001000001
000000000000000000000001001000000000000001010001000101000001100001000001011000100
000000000000000000000001001000000000000001010001000101000001100001000010011000001
000000000000000000000001001000000000000000011001001010000001100001000001011000010
000000000000000000000001001000000001000000010001001010000001100001000001011000010
000000000000000000000001001000000010000001100001001001000000010001000010011000001
000000000000000000000001001000000010000000010001001001000001100001000010011000001
000000000000000000000001011000000000000000001001001010000001100001000001011000010
000000000000000000000000000000001001000010010001001100000001010001000001011000100
000000000000000000000001001000000000000001010001000011000001000001110000011000001
000000000000000000000001001000000000000001010001000101000001000001110000011000001
000000000000000000000001001000000000000010110001001001000000000001011000011000001
000000000000000000000001011000000000000010001001001010000000000001011000011000010
000000000000000000000001001000000000000001010001000101000000001001000110011001000
000000000000000000000001011000000000000010001001011000000000010001000001001010010
000000000000000000000001011000000000000010001001011000000000010001000001001010100
000000000000000000001001001000000000000001010010000011001000000001001000010010010
000000000000000000000000000000000001000011010001100100000100100001000001011100000
000000000000000000000001001000000000000010110001001001000001000001010000011000001
000000000000000000000001011000000000000010001001001010000001000001010000011000010
000000000000000000000001011000000000000000011001001100000000001001001000011000010
000000000000000000000001011000000001000000010001001100000000001001001000011000010
000000000000000000001001001000000000000000010000001011001010000001010010010001000
000000000000000000001001001000000000000000010000001011001010000001100010010001000
000000000000000001001001010000000000000001001010011000001000000001000000010010001
000000000000000001001001010000000000000001001010011000000000000001000001011010000
000000000000000000000001001000000000000001010001000101000000101001000100011001000
000000000000000000000001011000000000000001100001000011000000001001000010011001000
000000000000000000000000011000000000000001011001000100000001000001000011001011000
000000000000000000000001011000000000000000001000010101000001000001010010010010010
000000000000000000000001011000000000000000001000010101000001000001010010011010000
000000000000000000000001011000000000000000001000010101000001000001010010110010000
000000000000000000000001001000000000000001010001000101000001110001000000011000001
000000000000000000000001001000000000000001010001000011000110001001000000011001000
000000000000000000000001001000000000000001010001000101000110001001000000011001000
000000000000000000000001011000000000000001100001000011000001001001000000011000010
000000000000000000001001001000000000000000010000010110000001000001010010010010001
000000000000000001000001011000000000000010000001101000000000000001010001110001000
000000000000000001000001011000000000000010000001101000001000000001010001010001000
000000000000000000000001011000000000000001100001000011000000011001000000011001000
000000000000000000000000000000000001000011010001001100000000010001010001010010100
000000000000000000000000000000000001000011010001001100000010100000100010001010001
000000000000000000000000000000000001000011010001001100001010000001010001010000010
000000000000000000000001001000000000000000011001001010001000000001001100010000011
000000000000000000001001001000000000000000010001001100000000001000011010001010010
000000000000000000000001011000000000000000001001001010000000010001010001001011000
000000000000000000000001001000000000000001010001000011001000000001001100010000101
000000000000000000000001001000000000000001110001000001001000000001010001010011000
000000000000000000000001001000000000000001010001000011001000000001010001010011000
000000000000000000000001001000000000000001010001000101001000000001010001010011000
000000000000000000001001001000000000000000001001001010000000010000011001001010100
000000000000000000000001001000000000000000011001001010000001100001000001110000010
000000000000000000000001001000000000000000011001001010000000001001001100110000010
000000000000000000000001001000000000000000011001010010000001010000010001001001100
000000000000000000000001001000000000000000011001001010000000010000011100001010001
000000000000000000000001001000000000000000011001001010000000010000011100001100001
000000000000000000000001001000000000000000011001001010000000010000110001001001100
000000000000000000000001001000000000000000011001001010000001000001010001110000010
000000000000000000000001001000000000000001010001000011001000000001010001010101000
000000000000000000001001001000000000000000011001001001000000000001010010010001010
000000000000000000000001001000000000000001010001000011001001000001110000010000001
000000000000000000000001001000000000000001010001000011000000001001001100001110000
000000000000000000000001001000000000000010011001011000000000010000001010001100001
000000000000000000000001001000000000000001010001000011000001000001110000110000001
000000000000000000000001001000000000000001010001000011000110001001000000110001000
000000000000000000000001001000000000000001010001000101000000101001000100110001000
000000000000000000000001001000000000000001010001000101000000101000001100001110000
000000000000000000000001001000000010000000011001001000001000000001001100010000011
000000000000000000000001011000000000000010000000101001000001000001010010011010000
000000000000000000000001011000000000000000001000010110000001000001010010011010000
000000000000000000000001011000000000000000011000010100000001000001010001011010000
000000000000000000000001011000000001000000010000010100000001000001010001011010000
000000000000000000000001011000000001000000001000010100000001000001010010011010000
000000000000000000001001001000000000000000010001001100000000001000110010001010010
000000000000000000000001011000000000000010000000100011000001000001010001011010000
000000000000000000000001001000000000001000110001001010000000000001010001010001001
000000000000000000000001011000000000000000001001001010000000010001010001001110000
000000000000000000000001011000000000000000001000011010000000010001010001011010000
000000000000000000000001001000000001000000010001001010001000000001001100010000011
000000000000000000000001001000000001000001010001000010001000000001001100010000011
000000000000000000000001011000000000000010000000101001000001000001010010110010000
000000000000000000000001001000000001001000010001001010000001100001000000010000011
000000000000000000000001001000000001000011010001100000000001000001010000001010001
000000000000000000001001001000000000000000010001001100000000001000011010001100010
000000000000000000001001001000000000000000010001010100000000001000011010001100010
000000000000000000000001011000000000000010000000100011000001000001010001110010000
000000000000000000000001001000000000000001010001000101001000001001001100010000100
000000000000000000000001001000000000000001010001000101001000001001000100010001100
000000000000000000000001001000000000000001010001000101000001100001000001110000100
000000000000000000000001001000000000000001010001000101001000001010000100010001100
000000000000000000000001001000000000000001010001000101001000001010000100100001100
000000000000000000000001011000000000000000001000010110000001000001010010110010000
000000000000000000000001011000000000000000011000010100000001000001010001110010000
000000000000000000000001011000000001000000010000010100000001000001010001110010000
000000000000000000000001011000000001000000001000010100000001000001010010110010000
000000000000000000000000000000000001000011010001100100000001010000010100001010001
000000000000000000000001001000000000000001010001000101001000001001000110010001000
000000000000000000000001001000000000000001110001000001001000001001000110010001000
000000000000000000000001001000000000000001010001000101001001000001110000010000001
000000000000000000000001001000000000000001110001000001001001000001110000010000001
000000000000000000001001001000000000000001010001000101000000000001001100110000100
000000000000000000001001001000000000000000001001010010000001110000010001001001000
000000000000000000001001001000000000000001010001000101000001100001000000110000100
000000000000000000000000000000000001000011010001100100000001100000100010001001001
000000000000000000000000000000000001000011010001100100000000010001001001010001100
000000000000000000000000000000000001000011010001100100001001000001001001010000010
000000000000000000000001011000000000000001100001000011001000000001000011010001000
000000000000000000000001001000000000000001110001000001001000001001001010010000010
000000000000000000000001001000000000000000011001001100001000000001000101010001010
000000000000000000000001001000000001000000010001001100001000000001000101010001010
000000000000000000000000011000000000000001011001001000001000000001001100010000011
000000000000000000000001011000000000000000011001001000001000000001001100010000011
000000000000000000000001011000000000001000011001001000000001100001000000010000011
000000000000000000000001011000000000000010000001100001000001000001010010001010010
000000000000000000000001001000000000000000001001010010000010001001001100001001100
000000000000000000000001011000000000000001100001000011001000000010000011010001000
000000000000000000000001011000000000000001100001000011001000000010000011100001000
000000000000000000000000011000000000000001011001000100000001000001000011001110000
000000000000000000000001001000000001000000001001010010000010000001001100001001100
000000000000000000000001011000000000000001100001000011000000011001000000110001000
000000000000000000000001011000000000000001001001000010001000000001001100010000011
000000000000000000000001011000000000000010000000101001000001000001010010010010010
000000000000000000000001011000000001000000010001001000001000000001001100010000011
000000000000000000000000011000000000000001001001001010001000000001001100010000011
000000000000000000000001011000000000000010000001100001000001000001010001001010010
000000000000000000000001011000000000001000001001001010000001100001000000010000011
000000000000000000000000011000000000001001001001001010000001000000010011001000100
000000000000000000000001011000000001000000001000010100000001000001010010010010010
000000000000000000000001011000000000000001100001000011001000001001000010010001000
000000000000000000000001011000000000000001100001000011001000000001001001010000010
000000000000000000000000011000000000000001011001000100000001000001001001001010010
000000000000000000000001011000000000000001100001000011000000001001000010110001000
000000000000000000000001001000000000000000001001010010000010001001001010001001100
000000000000000000000001011000000000000001100001000011000001001001000000110000010
000000000000000000000001011000000000000001100001000011001000000010000001010001010
000000000000000000000001011000000000000001100001000011001000000010000001100001010
000000000000000000000001001000000001000000001001010010000010000001001010001001100
000000000000000000000000011000000000000001011001000100000001000001010001001010010
000000000000000000000000011000000000000001011001000100000001000001010001001100010
000000000000000000000000000000001001000010010001001001001000001001001010010000100
000000000000000000000000000000001001000010010001001001001000001001001100010000010
000000000000000000000000000000000001001001001001010010000001100000010001001001100
000000000000000000000000000000001001000010010001001001001000001001001100010000100
000000000000000000000000000000000001001001001001010010000001100000100001001001100
000000000000000000000000000000000001000011010001100100001100000001100001010000100
000000000000000000001001001000000000000000001001010010000001100000010001001001100
000000000000000000001001001000000010000000010000001001001010000001010010010001000
000000000000000000000001011000000000000000100001000011001001000001001100010000001
000000000000000000000001011000000000000000100001000011001001000001010100010000001
000000000000000000000001011000000000000010000000101001000001000001010001010010010
000000000000000000001001001000000000000000010000010101000000001001010010010001010
000000000000000000001001001000000000000001010000010001000000001001010010010001010
000000000000000000000001011000000000000010000000100011000001000001010001010010010
000000000000000000001001001000000000000000010010010100000000001001010010010001010
000000000000000000000001011000000000000000001000010110000001000001010001010010010
000000000000000000001001001000000000000000010000010101000001000001010010010010001
000000000000000000001001001000000001001010010010001010000001010000010000000010000
000000000000000000001001001000000001001010010010001010000010000000010000000100010
000000000000000000000001011000000000000000011000010100000001000001010001010010010
000000000000000000000001011000000001000000010000010100000001000001010001010010010
000000000000000000000001001000000000001000011001001100000000000001010001010001010
000000000000000000000000000000001001000010010001001010000001001000010010001010001
000000000000000000000000000000001001000010010001001010000001001000010010001010100
000000000000000000000000000000001001000010010001001010000001001000010100001010001
000000000000000000000000000000001001000010010001001010000001001000100010001010001
000000000000000000000000000000001001000010010001001010001000001010000010010001001
000000000000000000000000000000001001000010010001001010001000001010000010100001001
000000000000000000000001001000000000000001010001000101001000000001001100010000011
000000000000000000000001001000000000000001110001000001001000000001001010010000101
000000000000000000000001001000000010000001100001000001001000000001001010010000101
000000000000000000000001001000000010000001100001001001001000000001000010010000101
000000000000000000000001001000000001000001010001000100001000001001000100010001100
000000000000000000000001001000000001001000010010001010000001100001000010010000001
000000000000000000000000000000001001000010010001001010000001001000010010001100100
000000000000000000000000000000001001000010010001001010000001001000100010001010100
000000000000000000000000000000001001000010010001001010000001001000100100001010001
000000000000000000000000000000001001000010010001001010000001001000010100001100001
000000000000000000000000000000001001000010010001001100000001001000010100001100001
000000000000000000000000000000001001000010010001001100000001001000100100001010001
000000000000000000000000000000001001000010010001001100000001001000010010001100001
000000000000000000000000000000001001000010010001001010000001001000100010001100100
000000000000000000000000000000001001000010010001001010000001100000100010001010001
000000000000000000000000000000001001000010010001001010000001100000100010001010100
000000000000000000000000000000001001000010010001001010001000010001010001010000100
000000000000000000000000000000001001000010010001001010001000010001010100010000001
000000000000000000000000000000001001000010010001001100001000001010000100100001001
000000000000000000000000000000001001000010010001001100001000001010000010100001001
000000000000000000000000000000001001000010010001001010001000100010000010010001001
000000000000000000000000000000001001000010010001001010001000100010000010100001001
000000000000000000000000000000001001000010010001001010001000001010000010010001100
000000000000000000000000000000001001000010010001001010001000001010000010100001100
000000000000000000000001001000000010000001100001000001001000001001001010010000010
000000000000000000000000000000000001001001010010010100000001001000010100001010001
000000000000000000000000000000000001001001010010010100000001010000100001010001001
000000000000000000000000000000000001001001010010010100000001001000010010001010001
000000000000000000000000000000000001001001010010010100000001100000100001010001001
000000000000000000000000000000000001001001010010010010001001000001010001010010000
000000000000000000000000000000000001001001010010010100001001000001010001010010000
000000000000000000000001001000000000001000011010001100000000000001001010010000101
000000000000000000000001001000000000000010010001001010000001001000010010001010001
000000000000000000000001001000000000001000011010001100000000100001001010010000001
000000000000000000000000000000000001001001001001010010000001100000010001001001010
000000000000000000000000000000000001001001010010010010001001000001010001100010000
000000000000000000000000000000000001001001010010010100001001000001010001100010000
000000000000000000000000000000000001001001010010010010000001001000010100001010001
000000000000000000000000000000001001000010010001001010000001001000100100001100001
000000000000000000000000000000001001000010010001001010000001100000100010001100100
000000000000000000000000000000001001000010010001001010001000001010000100010001001
000000000000000000000000000000001001000010010001001010001000001010000100100001001
000000000000000000000000000000001001000010010001001010001000100001010001010000001
000000000000000000000000000000001001000010010001001010001000100010000010100001100
000000000000000000000000000000000001001001010010010010000001100000100001010001001
000000000000000000000000000000000001001001001001010010000001100000100001001001010
000000000000000000000000000000000001001001010010010010001010001001100000100010000
000000000000000000000000000000000001001001010010010100001010001001100000100010000
000000000000000000001001001000000000000000010001010001000001100000010010001001010
000000000000000000000001001000000000000001010001000101000001000001000110001010001
000000000000000000000001011000000000000000001001010010000001010001001001001010000
000000000000000000000001001000000000000000010001000101001000010001001100010001001
000000000000000000000001001000000000000001010001000101001000010001001100010000001
000000000000000000001001001000000000000000001001010010000001100000010010001001001
000000000000000000000000000000001001000010010001001100001000001001001100010000010
000000000000000000001001001000000010000000010000001001001000010001010001010001000
000000000000000000000001001000000000000001010001000101000000001001001100001010010
000000000000000000000001001000000000000001010001000101000000001001001100001110000
000000000000000000000001001000000000000000010001000101000001001001001100001010010
000000000000000000000001001000000000000000001001001010001001000001010001010010010
000000000000000000000001001000000000000000001001001010001001000001010001010100010
000000000000000000000000000000000001000001010001010100001010000001100001010001100
000000000000000000000001011000000000000001000001010001001000001001001100010000010
000000000000000000000000000000000001000011010001100100001001001001100000010000100
000000000000000000000001011000000000000001000001010001001000001001001010010010000
000000000000000000000001011000000000000000001001001010001001000001010001010000010
000000000000000000000001001000000000000010010001001010000001001000010010001100001
000000000000000000000001001000000000000010011001101000000000010000001010001100001
000000000000000000000001001000000000000001010001000101000001000000110001001000110
000000000000000000000001001000000000000001010001000101000000001001000110110001000
000000000000000000000001001000000000000001010001000101000000010001001100110000001
000000000000000000000001001000000000000001010001000101000000001000110010001001100
000000000000000000000001001000000010000000010001000001001000001001001010010001100
000000000000000000000001011000000000000000001001000010001000010001001001010001100
000000000000000000000001001000000010000000010001000001000001001001001100001010010
000000000000000000000001001000000000000001110001000001001000001001001010010000100
000000000000000000000001011000000000000001001001000010001000010001001100010000001
000000000000000000001001001000000000000000001001010010000001100000010001001001010
000000000000000000000000000000001001000010010001001010001000001001001100010000100
000000000000000000000000000000000001000001010001010100001000001001010010010001100
000000000000000000000000000000001001000010010001001100001000001001001010010000100
000000000000000000000000000000000001000011010001100100001000001001100010010000100
000000000000000000001001001000000000000000010000001101001000100010000001010001010
000000000000000000001001001000000000000000010000001101001000100010000001100001010
000000000000000000001001001000000000000000001000011010001010001001100000010001000
000000000000000000001001001000000010000000010000001001001010000001100010010001000
000000000000000000000001001000000000000001010001000101000001110001000000110000001
000000000000000000000001001000000000000001010001000101000000001000001110001110000
000000000000000000000001001000000000000001010001000101000001100001000010110000001
000000000000000000000001001000000000000001010001000101000000001000011100001100010
000000000000000000000000011000000000000001001001000010000001010001001100001010001
000000000000000000000001011000000000000000001000010110000000010001001100010010001
000000000000000000000001001000000010000000010001000001001000010001001100010001001
000000000000000000000000000000001001000010010001001100000001010001000001110000100
000000000000000000000001001000001010000010001001001100001000000001000000010000011
000000000000000000000001001000000000000001110001000001001001000001010001010010000
000000000000000000000001001000000010000000010001000001001001000001010010010001001
000000000000000000000001001000000000000000010001000101001001000001010010010001001
000000000000000000000001001000000000000001110001000001001001000001010001010100000
000000000000000000000001001000000000000001010001000101001001000001010010010000001
000000000000000000000000011000000000000001001001000010001001000001010001010001010
000000000000000001000000010000000000000001001001000010001001000001010001010001010
000000000000000000000001011000000000000000001001001010000000010001010001001101000
000000000000000000000001001000000000001000011001001100000000000001010100010001001
000000000000000000000000000000000001001001001001010010000001110001000000010010001
000000000000000000000000000000000001001001001001010010000001110000010001001100000
000000000000000000000000000000000001001001001010010010000001110001010000010000001
000000000000000000000001001000000000000001110001000001001000000001010001010101000
000000000000000000000001001000000000000001010001000101001000000001010001010101000
000000000000000000001001001000000000000000001001001010000000010000011001001100100
000000000000000000000001001000000001000000010001001010000001100001000001110000010
000000000000000000000001001000000001000000010001001010000000001001001100110000010
000000000000000000000000000000000001001001001001010010001000010010000001010001100
000000000000000000000000000000000001001001001001010010001000010010000001100001100
000000000000000000000000000000000001001001001001010010001000100010000001010001010
000000000000000000000000000000000001001001001001010010001000100010000001100001010
000000000000000000000000000000000001001001001001010010000001100000010001001100010
000000000000000000000000000000000001001001001001010010000001010000100001001100100
000000000000000000000000000000000001001001001001010010000001010000100001001010100
000000000000000000000000000000000001001001001001010010000001100000100001001100010
000000000000000000000001001000000010000001100001000001000000010001001010001010001
000000000000000000000001001000000001000000010001001010000000010000011100001100001
000000000000000000000001001000000001000000010001001010000000010000110001001001100
000000000000000000000000000000000001001001001001001010000000001001010010010001100
000000000000000000000000000000000001001001001001010010000000001001001010010001100
000000000000000000000000000000000001001001001001010010000000001001100010010001100
000000000000000000000000000000000001001001001001010010000000001001010100010001010
000000000000000000000000000000000001001001001001010010000000001001100100010001010
000000000000000000000001001000000001000000010001001010000001000001010001110000010
000000000000000000000000000000000001001001001001010010000001000001100010010100001
000000000000000000000000000000000001001001001001010010001000000010001010010100001
000000000000000000000000000000000001001001001001010010001000000010001010100100001
000000000000000000000000000000000001001001001001010010001000100010000001010001100
000000000000000000000000000000000001001001001001010010001000100010000001100001100
000000000000000000000000000000000001001001001001010010000001100000010001001100100
000000000000000000000000000000000001001001001001010010000001100000100001001100100
000000000000000000000000000000000001001001001001010010000001100000100001001010100
000000000000000000000000000000000001001001001001001010000000001001010100010001100
000000000000000000000000000000000001001001001001010010000000001001001100010001100
000000000000000000000000000000000001001001001001010010000000001001010100010001100
000000000000000000000000000000000001001001001001010010000000001001100100010001100
000000000000000000000000000000000001001001001001010010001000000010001100010010001
000000000000000000000000000000000001001001001001010010001000000010001100100010001
000000000000000000000000000000000001001001001001010010000001000001100100010100001
000000000000000000000000000000000001001001001001010010000001000001010100010100001
000000000000000000000000000000000001001001001001010010001000000010001100010100001
000000000000000000000000000000000001001001001001010010001000000010001100100100001
000000000000000000001001001000000000001010010010001010000000001000000010001001001
000000000000000000001001001000000000000000001001010010000001000001001001010010010
000000000000000000001001001000000000000001010000010001001000000001001001010010010
000000000000000000001001001000000000000000010001010001000001000001001010010010010
000000000000000000001001001000000000000000001000011010001000000001010001010001100
000000000000000000001001001000000000000000011000001100001000000001001010010010001
000000000000000000001001001000000001000000010000001100001000000001001010010010001
000000000000000000000000011000000000000001001001010010001000000001010001010001010
000000000000000001000000010000000000000001001001010010001000000001010001010001010
000000000000000001000001010000000000000001000001010001001000000001010010010001001
000000000000000000000001001000000000001001010010010010000000001010000010010001001
000000000000000001000001110000000000000010000001101000001000000001010001010001000
000000000000000000000000000000000001001001001001001010001010000010001000010010001
000000000000000000000000000000000001001001001001001010001010000010001000010100001
000000000000000000000000000000000001001001001001001010001010000010001000100100001
000000000000000000001001001000000000000001010000010001001000000001010010010010010
000000000000000000000000000000000001001001001001010010001100000010001000010100001
000000000000000000000000000000000001001001001001010010001010000010001000010100001
000000000000000000000000000000000001001001001001010010001100000010001000100100001
000000000000000000000000000000000001001001001001010010001010000010001000100100001
000000000000000000000001001000000000000010010001001010000000001001001010001010001
000000000000000000000001001000000000000010010001001100000000001001001010001010001
000000000000000000000001001000000000000001010001000101000001000001010010110000001
000000000000000000000001001000000000000001010001000101000001000001110000110000001
000000000000000000000001001000000000000001010001000101000110001001000000110001000
000000000000000000000000011000000001000001010001000100000001000001001001001010010
000000000000000000000001011000000000000000001000010110000001000001010001010100010
000000000000000001000001110000000000000010000001101000000000000001010001110001000
000000000000000001000001110000000000000110010001001001001000000001000000010000010
000000000000000000000001011000000001000001100001000010001000000001001001010000010
000000000000000000000001001000000000000001110001000001000001000001000110001010001
000000000000000000000000000000000001000011010001100100000000010000011001001100100
000000000000000000000000000000001001000001001001010010000001010000010001001100100
000000000000000000000000000000001001000001001001010010000001010000100001001010100
000000000000000000000000000000001001000001001001010010000001010000100001001100100
000000000000000000000000000000001001000001001001010010000001100000100001001010100
000000000000000000000000000000001001000001001001010010000001100000100001001010010
000000000000000000000001001000000010000001100001000001001000010001000010010001001
000000000000000000000001001000000010000001100001001001001000010001000010010000001
000000000000000000000000000000000001001001010010010010001010000001010000010001001
000000000000000000000000000000000001001001010010010100001010000001010000010001001
000000000000000000000000000000000001001001010010010010001010000001010000010100001
000000000000000000000000000000000001001001010010010100001010000001010000010100001
000000000000000000000001001000000000001000110010001001000000000001001001010000110
000000000000000000000001001000000000000001011001110000000000000000110010001001001
000000000000000000000001001000000000000010010001001100000010001000010001001001010
000000000000000000000001001000000000001000110010001001000000001001001000010000110
000000000000000000000000000000001001000001001001010010000001100000100001001100100
000000000000000000000000000000000001001001010010010010001010000001010000100100001
000000000000000000000000000000000001001001010010010100001010000001010000100100001
000000000000000000000001001000000001001000110010001000000000001001001000010000110
000000000000000000000000000000000001000011010001100100000001100000100010001010001
000000000000000000000001001000000000000000011001001100001000001001000100010001010
000000000000000000000001001000000001000000010001001100001000001001000100010001010
000000000000000000000001001000000000001001001010001010001000110010000000010000001
000000000000000000000001001000000000001001001010001010010000000010000001100000110
000000000000000000000000000000000001000011010001100100000000100001001001001100010
000000000000000000000000000000000001000011010001100100000000100001001001010100010
000000000000000000000001001000000010000001100001001001000000010001000010110000001
000000000000000000000001001000000000000001110001010001000010000000010001001001010
000000000000000000000001001000000000001001010001010001000000010000001010001100001
000000000000000000000001001000000000000001110001010001000010000000100001001001010
000000000000000000000001001000000000000001110001010001000000001001001010001010000
000000000000000000000001001000000000000010110001001001000010000000010001001001010
000000000000000000000001001000000000000001110001000001000000001001001010001110000
000000000000000000001001001000000001000001001010010010001001010010000000010000000
000000000000000001000001010000000000000010010001001001001000000001001000010010001
000000000000000000001001001000000000000000001000001110001000000010001010010010001
000000000000000001000001110000000000001000000010001001000000000001001010001010001
000000000000000000001001001000000000000000001000001110001000000010001010100010001
000000000000000000000001001000000001000001010001010100001000000001000001010001100
000000000000000000000001011000000001000001100001000010001000000001000001010001010
000000000000000000001001001000000000000001010001010001000000000001010010110010000
000000000000000000001001001000000000000010110001010001000001000000010001001100000
000000000000000001001001010000000000000001001001010000000000000001010001110010000
000000000000000000000001001000000001001001010001110000000000010000001100001000001
000000000000000000000001011000000000000000001000011010000000010001010001110010000
000000000000000000000001001000000001000110010001001100000000010000000010001001001
000000000000000000000001001000000000000000011001001100000000010000110001001001100
000000000000000000000001001000000001000000010001001100000000010000110001001001100
000000000000000000000001001000000010000000010001001001000000010001001100110000001
000000000000000000000001001000000010000000010001001001000001100001000010110000001
000000000000000000000001011000000000000000001001001010000001100001000001110000010
000000000000000000000001001000000010000000010001001001001000010010000100010001001
000000000000000000000001001000000010000000010001001001001000010010000100100001001
000000000000000000000000000000000001000011010001100100001000001010000100010100010
000000000000000000000000000000000001000011010001100100001000001010000100100100010
000000000000000000000000000000000001000011010001100100000100001001000010001100100
000000000000000000000001001000000000000000011001001100000000001001001100110000010
000000000000000000000001001000000001000000010001001100000000001001001100110000010
000000000000000000000000000000000001000011010001100100000000001001100100110000010
000000000000000000001001001000000000000000011000001100000000100001001001110000010
000000000000000000001001001000000001000000010000001100000000100001001001110000010
000000000000000000000000000000000001000011010001100100000100100001000001110100000
000000000000000000001001001000000010000000010000001001000000010001010100010001001
000000000000000000000001001000000001001010010110001000000010000000010000001001001
000000000000000000001001001000000001001001000010010010000010000000010000010001001
000000000000000000001001001000000000000001110001010001000010000000100001001001000
000000000000000000000001011000000000000000001001001010000001000001010001110000010
000000000000000000000000011000000000000011001001100010000000000001100010110000001
000000000000000001000011010000000000000001000001010001000000000001010001110001000
000000000000000000001001001000000001001001010010010010000010000000010000001001000
000000000000000001000000010000000000000011001001100010000000000001100010110000001
000000000000000000001001001000000001001001010010010100000010000000010000001001000
000000000000000000000001001000000001001001010010001100001000000001000000010000101
000000000000000000000001011000000000000000001001010010000000010001001001110010000
000000000000000000000001001000000000000010110001001001000000000001011000110000001
000000000000000000000001001000000000000010110001001001000001000001010000110000001
000000000000000000000001011000000000000000011001001100000000001001001000110000010
000000000000000000000001011000000001000000010001001100000000001001001000110000010
000000000000000000001001001000000001000001110001010000000010000000100001001001000
000000000000000000000001001000000001001001010010001100001000000001000000100000101
000000000000000000001001001000000000000000011001001100000000001000110010001001000
000000000000000000001001001000000001000000010001001100000000001000110010001001000
000000000000000000000001001000000000000001011001110000000000010001000100001001001
000000000000000000000001011000000000000001001001110000000000010001000001001001100
000000000000000000000001011000000001001000100010010010000001000000001000001010001
000000000000000000000001001000000001000001010001110000000000010001000100001001001
000000000000000000000001001000000000001000011110001000000000010001000100001001001
000000000000000000000001011000000000000010001001001010000000000001011000110000010
000000000000000000000001011000000000001000001110001000000000010001000001001001100
000000000000000000000001001000000001001000010110001000000000010001000100001001001
000000000000000000001001001000000001000000001000011010000001000001100000010010010
000000000000000000001001001000000001000001010010010100001001100010000000010000000
000000000000000000000001011000000000000010001001001010000001000001010000110000010
000000000000000001001001010000000000000110001001001000000000000001001000110000001
000000000000000001000001110000000000000001000001010001001000000010001001010010000
000000000000000001000001110000000000001001001001010000000001000001000000010010001
000000000000000001000001110000000000000001000001010001001000000010001001100010000
000000000000000000000000011000000000001001001001001001000000000001010010010001010
000000000000000000000000000000000001001001010001001010001010000010001000010010001
000000000000000000000000000000000001001001010001001010001010000010001000010100001
000000000000000000000000000000000001001001010001001010001010000010001000100100001
000000000000000001000000010000000000001001001001001001000000000001010010010001010
000000000000000000000000000000000001001001010001001010000000001001010100010001100
000000000000000001000011010000000000001000001010011000000000000001011000010000001
000000000000000000001001001000000000000001010000010001001000000010010010010010010
000000000000000000000000000000000001001001010001001100001010000010001000010010001
000000000000000000000000000000000001001001010001001100001010000010001000010100001
000000000000000000000000000000000001001001010001001100001010000010001000100100001
000000000000000000000000011000000000001001001001001010000000000001010001010001010
000000000000000001000000010000000000001001001001001010000000000001010001010001010
000000000000000000000000000000000001001001010001001100000000001001010010010001100
000000000000000000001001001000000000000001010000010001001000000010010010100010010
000000000000000000000001011000000000000000001001001010000001010001010000001010001
000000000000000000001001001000000000000000011001001100000000000001010010010001010
000000000000000000001001001000000000001010010010001010000000001000000010001001100
000000000000000000000001011000000000000001000001010001000000010001001100001010001
000000000000000000000001001000000000001001010001010001000000010000001100001010001
000000000000000000000001011000000000000000001001001010000001010001010000001100001
000000000000000000000001011000000000000001000001010001000000010001001100001100001
000000000000000000000001011000000000000000001001001010000001000001010001010010010
000000000000000000000001011000000000000000001001001010000001000001010001010100010
000000000000000000000001011000000000001000001010001010000001100001000010010000001
000000000000000000000001011000000000000000001001001010001000001010000010010001100
000000000000000000000001011000000000000000001001001010001000001010000010100001100
000000000000000000000001011000000001001000000010001010000000001001000010001001100
000000000000000000000001001000000000001001010001010001000000010000001100001100001
000000000000000000000000000000000001000001010001010100000001100001010010001100001
000000000000000000000001011000000000000000000001010001000001001001010010001100100
000000000000000000000001011000000000000000001001010010000000010001001001001010100
000000000000000000000001011000000000000000001001010010000100010001001001001010000
000000000000000000000000011000000000001001001001010010000001010000010001001000100
000000000000000000000001011000000000000010001000100010000001000001010010010100001
000000000000000000000000000000001001000010010001001100000010010001000100001010001
000000000000000000000000000000001001000010010001100100000001001001000100001001010
000000000000000000000000000000000001001001010010010100000001010010000100010001001
000000000000000000000001001000000001001001010001010000000000010000001100001010001
000000000000000000001001001000000000000000001001001010000001000001010010010010001
000000000000000000001001001000000000000000001001001010000001000001010100010010001
000000000000000001000001010000000000000000010001001001000001000001010010010010001
000000000000000000001001001000000000000000001001001010000000001001010100010001100
000000000000000000001001001000000000000000001001001010000001100000010001001010100
000000000000000000001001001000000000000000001001001010001010000010001000010010001
000000000000000000000001001000000000000000011001001100000000100001010001010001010
000000000000000000000001001000000000000000011001001100000001010000010100001010001
000000000000000000000001001000000000000000011001001100000001010000010100001100001
000000000000000000001001001000000000000000001001001010000001100000010001001010010
000000000000000000000001001000000000000000011001001100001000001010000100010001010
000000000000000000000001001000000000000000011001001100001000001010000100100001010
000000000000000000001001001000000000000000001001001010000001010000010001001010100
000000000000000000001001001000000000000000001001001010001010000010001000010100001
000000000000000000001001001000000000000000001001001010000001100000010001001100100
000000000000000000000001001000000001000000010001001100001000001010000100010001010
000000000000000000001001001000000000000000011000001100001000100010000001010001010
000000000000000000001001001000000000000000011000001100001000100010000001100001010
000000000000000000001001001000000000000000011000001100000000001001010100010001010
000000000000000000000000011000000000001001001010010010000000000001001010010010001
000000000000000000000001001000000001000000010001001100000000100001010001010001010
000000000000000000000001001000000001000000010001001100000001010000010100001100001
000000000000000001000001010000000000000000010001001001000000001001010010010001100
000000000000000000000001001000000010000001100001010001000010000000100001001001010
000000000000000000000001001000000010001000001010001100000000100001001010010000001
000000000000000000001001001000000000000000001001001010000001100000010001001100010
000000000000000000001001001000000001000000010000001100001000100010000001100001010
000000000000000000000001001000000001000000010001001100001000001010000100100001010
000000000000000000001001001000000000000000001001001010000000001001010010010001100
000000000000000000001001001000000001000000010000001100000000001001010100010001010
000000000000000000000000000000000001001001010010010100000000001001001100010010010
000000000000000000001001001000000000000001010000010001000000001001010010010001100
000000000000000000001001001000000000000000001001001010000001010000010001001100100
000000000000000000001001001000000000000000001001001010001010000010001000100100001
000000000000000000001001001000000000000000001001001010000001000001010010010100001
000000000000000001000001010000000000000000010001001001000001000001010010010100001
000000000000000000001001001000000000000000001001001010000001000001010100010100001
000000000000000000000001001000000000001001001010010010000000000001010010010001001
000000000000000000000001001000000000001001001010010010000000000001010100010001001
000000000000000001000000010000000000001001001010010010000000000001001010010010001
