110100000100010000000010000100000000011010000000000000000000000000000000000000000
110100000100000000000000000100100000011010000000100000000000000000000000000000000
110100000100000000000000000100100000000000000000000000011100000010000000000000000
110100000100000000000000000100100000000000000000000000010000000010000000001100000
110100000100000000000000000100100000000000000000000000010011000000100000000000000
110100000100000000000011100100100100000000000000000000000000000000000000000000000
110100000100000000000000000100100100000100110000000000000000000000000000000000000
110100000100000000000000000100100100000100011000000000000000000000000000000000000
110100000100100100000000000000100011000000100000000000000000000000000000000000000
110100000100100100000000000000100010000000100000000100000000000000000000000000000
110100000100100100000000000000100000000011100000000000000000000000000000000000000
110100000001000000000000000101100000010000000000000000100100000000000000000000000
110100000001000000000000000101100000000000000000000000101100000000000000000000000
110100000001000000000000000101100000000000000000000000100100000001000000000000000
110100000001010000000010000110010000001000000000000000000000000000000000000000000
110100000001000000000000000110100000001000000000000000001100000000000000000000000
110100000001010000000010000100010000001000000001000000000000000000000000000000000
110100000001100100000000000000100011000000100000000000000000000000000000000000000
110100000001100100000000000000100010000000100000000100000000000000000000000000000
110100000001100100000000000000100000000011100000000000000000000000000000000000000
110100000001000000000011100001100100000000000000000000000000000000000000000000000
110100000001000000000000000001100100001100100000000000000000000000000000000000000
110100000001000000000000000001100100001100010000000000000000000000000000000000000
110100000001000000000000000001110000000000000000000000001110000000000000000000000
110100000001000000000000000001100100000000000000000000001100100000000000000000000
110100000001000000000000000001110000000000000000000000000100000001010000000000000
110100000001000000000000000001100000000000000000000000000100000001011000000000000
110100000001000100000000000001100010000000100000000100000000000000000000000000000
110100000000010000000000000110010000000000000000000000110010000000000000000000000
110100000000000000000000000110100000000000000000000000110000000001100000000000000
110100000000000000000000000110100000000000000000000000100000000010000000001100000
100100100010000000000000000010100100000000000000000000010100100000000000000000000
