000000000000000000000000000000000000000001011001001001000001000000010011001010010
000000000000000000000000000000000000000001011001001001001000000010000011010001010
000000000000000000000000000000000000000001011001001001000001011001000000011000010
000000000000000000000000000000000000000001011001001001000001011001000000110000010
000000000000000000000000000000000000000001011001001001000001000001000011001010010
000000000000000000000000000000000000000001011001001001001000000010000011100001010
000000000000000000000000000000000000000001011001001001000001000000010011001100010
000000000000000000000000000000000000000001011001001001000001000000110010001000011
000000000000000000000000000000000000000001011001001001000001011001000000011000100
000000000000000000000000000000000000000001011001001001000001011001000000110000100
000000000000000000000000000000000000000001011001001001000001000000010011001010100
000000000000000000000000000000000000000001011001001001000001000000010011001100100
000000000000000000000000000000000000000001011001001100000001000000010011001010001
000000000000000000000000000000000000000001011001001001000001000001000011001010100
000000000000000000000000000000000000000001011001001001000001000000110100001000011
000000000000000000000001011000000000000000000001001001001000010001000011010001000
000000000000000000000000000000000000000001011001001100001000000010000011010001001
000000000000000000000000000000000000000001011001001001001000000010000011010001100
000000000000000000000000000000000000000001011001001001001000000010000011100001100
000000000000000000000000000000000000000001011001001100000001000001000011001010001
000000000000000000000001001000000000000000011001001100000000000001000011001001010
000000000000000000000001011000000000000000000001001001001000000010000011010001010
000000000000000000000001011000000000000001011001001001000000000001000000011000010
000000000000000000000001011000000000000001011001001001000000000001000000110000010
000000000000000000000001011000000000000001000001010001000000000001000011001001010
000000000000000000000001011000000000001000000010001001000000000001000011001001010
000000000000000000000001011000000000000000000001001001000001000001000011001010010
000000000000000000000001001000000000000001011001001010001000000001000000010000011
000000000000000000000000000000000000000001011001001001000001101001000000011000010
000000000000000000000000000000000000000001011001001001000001101001000000110000010
000000000000000000000000000000000000000001011001001001000001000000010101001010010
000000000000000000000000000000000000000001011001001001000001000000010101001100010
000000000000000000000000000000000000000001011001001100000001000000010101001010001
000000000000000000000000000000000000000001011001001001000001000001000101001010010
000000000000000000000000000000000000000001011001001001000001000000110010001000101
000000000000000000000000000000000000000001011001001100001000000010000101010001001
000000000000000000000000000000000000000001011001001001001000000010000101010001010
000000000000000000000000000000000000000001011001001001001000000010000101100001010
000000000000000000000000000000000000000001011001001100000001000001000101001010001
000000000000000000000000000000000000000001011001001001001000000001001001010000110
000000000000000000000000000000000000000001011001001001001000000010000110010001001
000000000000000000000000000000000000000001011001001001001000000010000110100001001
000000000000000000000000000000000000000001011001001100000001000001000101001010100
000000000000000000000000000000000000000001011001001001000001000000010110001010001
000000000000000000000000000000000000000001011001001001000001000000010110001100001
000000000000000000000000000000000000000001011001001100000001000000010101001010100
000000000000000000000001001000000000001000011001001010000000001000000010001001100
000000000000000000000001011000000000000000000001001001001000000010000011100001010
000000000000000000000000000000000000000001011001001001000001000001010001001010010
000000000000000000000000000000000000000001011001001001000001000001010001001100010
000000000000000000000000000000000000001001001001001010000001000000010011001010001
000000000000000000000000000000000000000001011001001001000001101001000000011000100
000000000000000000000000000000000000000001011001001001000001101001000000110000100
000000000000000000000000000000000000000001011001001001000001000000010101001010100
000000000000000000000000000000000000000001011001001001000001000000010101001100100
000000000000000000000000000000000000000001011001001001000001000000010110001010010
000000000000000000000000000000000000000001011001001001000001000001000101001010100
000000000000000000000000000000000000000001011001001001000001000000110100001000101
000000000000000000000001011000000000000000000001001001000000010001000011011001000
000000000000000000000000000000000000000001011001001001001000000010000110010001010
000000000000000000000000000000000000000001011001001001001000000010000101010001100
000000000000000000000000000000000000000001011001001001001000000010000101100001100
000000000000000000000000000000000000000001011001001001000001000001000110001010010
000000000000000000000001001000000000001000110001001010000000001000000001001001010
000000000000000000000001011000000000000000000001001001000000010001000011110001000
000000000000000000000000000000000000000001011001001001000001000001010001001010100
000000000000000000000000000000000000000001011001001001000001000001010001001100100
000000000000000000000000000000000000001001001001001010000001000000010101001010001
000000000000000000000001011000000000000000000001001001000001011001000000011000010
000000000000000000000001011000000000000000000001001001000001011001000000110000010
000000000000000000000001011000000000000001011001000001001000000001000000010001010
000000000000000000001001001000000000000000000001001010000001000000010011001010001
000000000000000000000001001000000000001000011001001001000000010000000010001001100
000000000000000000000000000000000000000001011001001100001000000001001001010000011
000000000000000000000000000000000000000001011001001100000001000000010011001100001
000000000000000000000000000000000000000001011001001100001000000010000011100001001
000000000000000000000000000000000000000001011001001100000001011001000000011000001
000000000000000000000000000000000000000001011001001100000001011001000000110000001
000000000000000000000000000000000000000001011001001100000001000000110001001000011
000000000000000000000000000000000000000001011001001100000001000000010101001100001
000000000000000000000000000000000000000001011001001100001000000001001001010000101
000000000000000000000000000000000000000001011001001100001000000010000101100001001
000000000000000000000000000000000000000001011001001100000001000000010101001100100
000000000000000000000000000000000001000001010001001100001000000001001001010000101
000000000000000000000000000000000001000001010001001100001000000001001001010000011
000000000000000000000000000000000000001001001001001010000001000000010011001100001
000000000000000000000000000000000000000001011001001001000001000000010110001100010
000000000000000000000000000000000000000001011001001001001000000001001010010000110
000000000000000000000000000000000000000001011001001001001000000010000110100001010
000000000000000000000000000000000001000001010001001010001000000001001001010000101
000000000000000000000000000000000000001001001001001010000001000000010101001100001
000000000000000000001001001000000000000000010000001011000000000001001010011000001
000000000000000000001001001000000000000000010000001011000000000001001010110000001
000000000000000000001001001000000000000000010000001011001000000001001010010000001
000000000000000000001001001000000000000000010000001011000001010001000000011000001
000000000000000000001001001000000000000000010000001011000001010001000000110000001
000000000000000000001001001000000000000000001000010110000000000001010001011001000
000000000000000000000001001000000000000000001001010010000001000001001001011010000
000000000000000000001001001000000000000000000001001010000001000000010011001100001
000000000000000000000000000000000001000001001000011010000001000001110000011000001
000000000000000000000000000000000001000001001000011010000001000001110000110000001
000000000000000000000000000000000001000001001000011010000001000001010001011100000
000000000000000000000000000000000001000001001000011010000001000001010001110100000
000000000000000000000000000000000001000001001000011010000001000001100001011010000
000000000000000000000000000000000001000001001000011010000001000001100001110010000
000000000000000000000000000000000001000001001000110010000001000001011000011000001
000000000000000000000000000000000000000001011001010100000001100001000101001010000
000000000000000000000000000000000000000001001001000110000001011001000001011001000
000000000000000000000000000000000000000001001001000110000001011001000001110001000
000000000000000000000000000000000001000001011001001000001000000001001001010000110
000000000000000000000000000000000001000001001000110010000001000001011000110000001
000000000000000000000000000000000001000001001000011010000001000001100001011100000
000000000000000000000000000000000001000001001000011010000001000001100001110100000
000000000000000000000000000000000001000011010001001000000001000001010001001100001
000000000000000000000000000000000000000001011001001100000001101001000000011000001
000000000000000000000000000000000000000001011001001100000001101001000000110000001
000000000000000000000000000000000000000001001001000011001000001001001010010001100
000000000000000000000000000000000000000001001001000011000001110001000001011001000
000000000000000000000000000000000000000001001001000011001000001001001100010001010
000000000000000000000001001000000000001000000011000001000001000001001001110010000
000000000000000000000000000000000001000001001000011010000000001001001010011000100
000000000000000000000000000000000001000001001000011010000000001001001010110000100
000000000000000000001001001000000000000000001000010011000010000001010000011001000
000000000000000000001001001000000001000000001000010010000010000001010000011001000
000000000000000000001001001000000000000000001000010110000010000001010000011001000
000000000000000000000001001000000001000000001001010010000001000001001000011010000
000000000000000000000000000000000000000001001001000011000001110001000001110001000
000000000000000000000000000000000000000001001001000011001000001010001010010001100
000000000000000000000000000000000000000001001001000011001000001010001010100001100
000000000000000000001001001000000000000001001000010011001000000001000000010011000
000000000000000000000001011000000000001000001011000010000001000000001000001010001
000000000000000000000000000000000000000001011001001100000001000000110001001000101
000000000000000000000000000000000001000001001000011010000000001001001100011000010
000000000000000000000000000000000001000001001000011010000000001001001100110000010
000000000000000000000000000000000001000001001000011010000000001001001100011000100
000000000000000000000000000000000001000001001000011010000000001001001100110000100
000000000000000000001001001000000000000000001000010011001000000001010000010011000
000000000000000000001001001000000000000000001000010110001000000001010000010011000
000000000000000000000000000000000001000001001000011010000000001001000110011001000
000000000000000000000000000000000001000001001000011010000000001001000110110001000
000000000000000000000001001000000001000000001001010010001000000001001000010011000
000000000000000000001001001000000001000000001000010010001000000001010000010011000
000000000000000000000000000000000000000001011001001001000001110001000000011000010
000000000000000000000000000000000000000001011001001001000001110001000000110000010
000000000000000000000000000000000000000001011001001001000001000000110010001000110
000000000000000000000001001000000000000000010000001110000000001001000011011001000
000000000000000000000001001000000001001000011011001000000000010000000010000001100
000000000000000000000001011000000000000000000001001001000001110001000000011000010
000000000000000000000001011000000000000000000001001001000001110001000000110000010
000000000000000000000001001000000001001000011001001000000000010000000010001001100
000000000000000000000001001000000000000000010000001110000000001001000011110001000
000000000000000000000001001000000001001000011110001000000000010000000010000001100
000000000000000000000001011000000000000000000001000011000001000001011000011000001
000000000000000000000001011000000000000000000001000011000001000001110000011000001
000000000000000000000001011000000000000000000001001001000000010001000101011001000
000000000000000000000001001000000000000000001000001011000000010001001010011000100
000000000000000000000001001000000000000000001000001011000000010001001010110000100
000000000000000000000001011000000000000000000001001001000000010001000110011001000
000000000000000000000001001000000000000000001000001011000000010001000110011001000
000000000000000000000001001000000000000000001000001011000000010001000110110001000
000000000000000000000000011000000000000000011001001100000000000000001011001011000
000000000000000000000001001000000000000000001000001011000001000001010010010010010
000000000000000000000000011000000000000001011001011000000000001000000010001001100
000000000000000000000001001000000000000000001000001011000001000001010010010100010
000000000000000000000001001000000000000000001000001011000001000001010010011000010
000000000000000000000001001000000000000000001000001011000001000001010010110000010
000000000000000000001001001000000000000000010000000011000001000001011000011000010
000000000000000000001001001000000001000000010000000010000001000001011000011000010
000000000000000000001001001000000000000000001000000011000001000001011000011000010
000000000000000000001001001000000001000000001000000010000001000001011000011000010
000000000000000000001001001000000000000000010000000011000001000001110000011000010
000000000000000000001001001000000001000000010000000010000001000001110000011000010
000000000000000000001001001000000000000000001000000011000001000001110000011000010
000000000000000000000001011000000000000000000001001001000001000001110000011000010
000000000000000000001001001000000001000000001000000010000001000001110000011000010
000000000000000000000001001000000000000000001001000011000000010001001010001001100
000000000000000000000001001000000000000000001000010110000001000001011000011000001
000000000000000000000001011000000000000001101001000001001000000001000000010001010
000000000000000000000001001000000000000000000001001010000001001001000011001110000
000000000000000000000000000000000000000001001001000011001000001001001100010001100
000000000000000000000000000000000000000001001001000011001000001010001100010001100
000000000000000000000000000000000000000001001001000011001000001010001100100001100
000000000000000000000001001000000000000000001000010110000001000001011000110000001
000000000000000000000000000000000001000011010001001000000001000001100001001100001
000000000000000000000000000000000000000001001001001010000001001001000101001110000
000000000000000000000001011000000000000011001001001000001000000001000000010000011
000000000000000001001001010000000000000001000010010001000000000001000001011001000
000000000000000000000001011000000000000000000001001001000000011001000010011001000
000000000000000000001001001000000000000000001000001011001000000001001000010010010
000000000000000001000001011000000000000001000001010010001000000001000000010001001
000000000000000000000001011000000000000000000001001001000000011001000100011001000
000000000000000000000001001000000000000000001000001011000001000001010010011010000
000000000000000000000001001000000000000000001000001011000001000001010010110010000
000000000000000000000001001000000000000000001000001011000001000001010010011100000
000000000000000000000001001000000000000000001000001011000001000001010010110100000
000000000000000000000001001000000000000000001000001011000001000001110000011000010
000000000000000000000001001000000000000000001000001011000001000001110000110000010
000000000000000000000001001000000000000000001000001011000000010001001100011000100
000000000000000000000001001000000000000000001000001011000000010001001100110000100
000000000000000000001001001000000000000000001000001110000000001001001000011000010
000000000000000000000001011000000000001001000011000001000000010000000010001001100
000000000000000000001001001000000000000000001000001110000001000001000001011010000
000000000000000001000000011000000000000011001001001000001000000001000000010001010
000000000000000001000001011000000000000001000000110010000000000001001000110000001
000000000000000001000001011000000000000001000001010010000000000001001000011000001
000000000000000001000001011000000000000001000001010010000000000001001000110000001
000000000000000001000000011000000000000011010001001000001000000001000000010001001
000000000000000001000001011000000000000001000000110010000000000001000001110001000
000000000000000000000000000000000001000011010001001000001000001001000001010001100
000000000000000000000000000000000000000001001001000110000001110001000001011001000
000000000000000001000001011000000000000001000001011000001000000001000000010010001
000000000000000001000001011000000000001000000110000001000001000000001000001010010
000000000000000000000001001000000000000000001001000011001001000001001000010010010
000000000000000001000001011000001000000001000001010010001000000001000000010000001
000000000000000000000001001000000000000000001001000011000000010001001100001001100
000000000000000000000000000000000000000001011001001001000001110001000000011000100
000000000000000000000001011000000000000000001000000011000001000001011000011000010
000000000000000000000001011000000001000000001000000010000001000001011000011000010
000000000000000000000001001000000001000000001000001010000000010001000110011001000
000000000000000000000001001000000001000000001001001010000000010001000110001001000
000000000000000000000001011000000000000000001000001101000000000001001010011000010
000000000000000000000001011000000000000000001000001101000000000001001010110000010
000000000000000000000001011000000000000000000001000011000001000001000011001011000
000000000000000000000001011000000000000000000001001001000000010001000110110001000
000000000000000000000001001000000000000000010001000110000000001001001001001001010
000000000000000000000001011000000000000000000001001001000110010001000000011001000
000000000000000000001001001000000000000000001000000011000001000001011000110000010
000000000000000000001001001000000001000000001000000010000001000001011000110000010
000000000000000000001001001000000000000000010000000011000001000001011000110000010
000000000000000000001001001000000001000000010000000010000001000001011000110000010
000000000000000000000000000000000000000001011001001100000001101001000000011000010
000000000000000000000001001000000000000000010000001110000000001001001001011000010
000000000000000000000001001000000000000000010000001110000000001001001001110000010
000000000000000000000001011000000000000000000001001001000001101001000000011000010
000000000000000000000001011000000000000000000001000011000001000001011000110000001
000000000000000000000001001000000001000000001000001010000000010001000110110001000
000000000000000000000001011000000000000000001000000011000001000001011000110000010
000000000000000000000001011000000001000000001000000010000001000001011000110000010
000000000000000000000001011000000000000000000001001001000010011001000000011001000
000000000000000000001001001000000000000000010000001110000000000001001010110000001
000000000000000000001001001000000000000000010000001101000001010001000000011000001
000000000000000000001001001000000000000000010000000011000001000001011000010000011
000000000000000000001001001000000001000000010000000010000001000001011000010000011
000000000000000000001001001000000000000000010000001110000001010001000000011000001
000000000000000000001001001000000000000000010000001110000001010001000000110000001
000000000000000000001001001000000000000000001000010110000010001001000000011001000
000000000000000000000001011000000001001000000011000010000001000000001000001010001
000000000000000000001001001000000001000000001000011010000001000001000000011010000
000000000000000000000001011000000000000000000001000011000001000001011000010000011
000000000000000000000001011000000000000110001001001010000000000001000000011000010
000000000000000001000000011000000000000001000000011010000000000001001010011000001
000000000000000001000000011000000000000001000000011010000000000001001010110000001
000000000000000001000001011000000000001001001110010000000001000000010000000010000
000000000000000000001001001000000000000000001000001011001000000001001000010110000
000000000000000001000001011000000000000001000001110000001000000001000000010001001
000000000000000001000000011000000000000001000000011010000000000001001001011000010
000000000000000001000000011000000000000001000000011010000000000001001001110000010
000000000000000001000001011000000000001010001110001000000001000000010000000010000
000000000000000001000000011000000000000001000000011001000000000001001010011000010
000000000000000001000000011000000000000001000000011001000000000001001010110000010
000000000000000001000000011000000000000001000000011010000000000001000011110001000
000000000000000001000001011000000000001010001110010000000001000000001000000010000
000000000000000000001001001000000000000000001000010011001010000001010000010001000
000000000000000000001001001000000000000000001000010011000010000001010000110001000
000000000000000001000001011000000000000001000001110000000000000001001000110000001
000000000000000000000000000000000000001001001001001001000000001000010110001011000
000000000000000000001001001000000000000000000001001001000000001000010110001011000
000000000000000000000000000000000000000001011001001001000001000000010110001010100
000000000000000000000000000000000000000001011001001001001000000010000110010001100
000000000000000000000000000000000000001001001001001010000001000000010101001010100
000000000000000000000000000000000000000001011001001001000001110001000000110000100
000000000000000000000001001000000000001000110001001010000000001000000001001001100
000000000000000000000000000000000000000001011001001001000001000000010110001100100
000000000000000000000000000000000000000001011001001001000001000000110100001000110
000000000000000000000000000000000000000001011001001001000001000001000110001010100
000000000000000000000000000000000000000001011001001001001000000001001100010000110
000000000000000000000000000000000000000001011001001001001000000010000110100001100
000000000000000000000000000000000000000001011001001001000001000001010010001010100
000000000000000000000000000000000000000001011001001001000001000001010010001100100
000000000000000000000001011000000000000000000001001001000000011001000010110001000
000000000000000000000000000000000000001001001001001010000001000000010101001100100
000000000000000000000000000000000000001001001001001010000001000000110100001000101
000000000000000000001001001000000000000000000001001010000000011000001001001110000
000000000000000000000001001000000000000000001000011010000001000001010001011010000
000000000000000000000001001000000000000000011000001100000000001001001010011000010
000000000000000000000001001000000000000000001000001110000000001001001010011000010
000000000000000000000001001000000001000000010000001100000000001001001010011000010
000000000000000000000000000000000000001001001001001001000000001000110010001010010
000000000000000000000000000000000001000011010001001010001000001001000001010000100
000000000000000000000000000000000001000001001000110010000000001001001100011000100
000000000000000000001001001000000000000000000001001001000000001000110010001010010
000000000000000000000001011000000000000000000000001011000000001001001100011000100
000000000000000000000001011000000000000000000000001011000001000001010001011010000
000000000000000000000001011000000000000000001000001010000000001001001100011000100
000000000000000000000001011000000000000000001000001010000001000001010001011010000
000000000000000000000001001000000000000000001000001110000001000001010001011010000
000000000000000000000001001000000000000000010000000011000000011001001100011001000
000000000000000000000001001000000000000000010000000011000000011001001100110001000
000000000000000000000001001000000001000000001000001010000001000001010010011010000
000000000000000000000001011000000000000000001000000011000001000001010010011010000
000000000000000000000001011000000001000000001000000010000001000001010010011010000
000000000000000000000001001000000001000000001000001010000000010001001100011000100
000000000000000000000001011000000001000000011001001000001000000001000000010001010
000000000000000000000001011000000000001001001011000001000000010000000010000001100
000000000000000000000001011000000000000001000000110001000000000001001010011000010
000000000000000001000000011000000000000001000000110010000000000001000011011001000
000000000000000001000000011000000000000001000000110001000000000001001010011000010
000000000000000000000001011000000000000000001000000011000001000001001010011010000
000000000000000000000001011000000000000000001000000011000001000001001010110010000
000000000000000000000000011000000000000000000000001011000000011001001100011001000
000000000000000000000001011000000000000000001000000010000000011001001100011001000
000000000000000000000001011000000000000000001000000011000000010001001100011001000
000000000000000000000001011000000000000000001000000011000000010001001100110001000
000000000000000000000000000000000001000001001000110010000000001001001100011001000
000000000000000000000001001000000001000000001000001010000001000001010010011000010
000000000000000000000001001000000001000000010000000010000000011001001100011001000
000000000000000000000001011000000000000000001000000011000001000001010010110010000
000000000000000000000001011000000000000000001000000011000001000001010010011100000
000000000000000000000001011000000000000000001000000011000001000001010010110100000
000000000000000000000001011000000000000000001000000011000001000001110000011000010
000000000000000000000001011000000000000000001000000011000001000001110000110000010
000000000000000001000000011000000000000001000000110010000000000001001001011001000
000000000000000001000000011000000000000011010001100000001000000001000000010000011
000000000000000001000000011000000000000001000000110001000000000001001010011001000
000000000000000001000000011000000000000001010001110000001000000001000000010000011
000000000000000000000000000000000000000001011001001001000001000001010100001010100
000000000000000001000000011000000000000001000000110010000000000001000011110001000
000000000000000001000000011000000000000001011001110000001000000001000000010000010
000000000000000000000000000000000000000001011001001001000001000001010100001100100
000000000000000001000000011000000000000001000000010011000000000001001010011001000
000000000000000001000000011000000000000001000000010011000000000001001010110001000
000000000000000000001001001000000000000000010000000011000001000001110000010000011
000000000000000001000000011000000000000001011001010000001000000001000000010010010
000000000000000000000001001000000001001001001011000010000000010000000010000001100
000000000000000000000000000000000001000001001000110010000001000001001001011010000
000000000000000000000001001000000000000000001000010110000001000001001001011010000
000000000000000000000001011000000001000000001000000010000001000001001010011010000
000000000000000000000001001000000001000000001000001010000000010001001010011000100
000000000000000000000001001000000000000000010000001101000000100001001010011000001
000000000000000000000001011000000000000000001000001010000000001001001100011000010
000000000000000000000001001000000000000000001000001110000000001001001010011000100
000000000000000000000000000000000001000001001000110010000001000001010001011100000
000000000000000000000001001000000000000000010000001101000000100001001001011000010
000000000000000000000000000000000001000001001000110010000000001001001100011000010
000000000000000000000000000000000001000011010001001100001000001001000001010000010
000000000000000000000001011000000000000000000000001011000000001001001010011000100
000000000000000000000001011000000000000000001000001010000000001001001010011000100
000000000000000000000000000000000001000011010001001100001000001001000001010000100
000000000000000000000000000000000001000001001000110010000000001001001010011000100
000000000000000000000000000000000000001001001001001001000000001000110010001010100
000000000000000000001001001000000000000000000001001001000000001000110010001010100
000000000000000000000001011000000000000000000000001011000001000001010001011100000
000000000000000000000001011000000000000000001000001010000001000001010001011100000
000000000000000000000001001000000000000000001000001110000001000001010001011100000
000000000000000000000001001000000001000000001000001010000001000001010010011100000
000000000000000000000001011000000001000000001000000010000001000001010010011100000
000000000000000001000000011000000000000001000000110010000000000001001010011000001
000000000000000001000000011000000000000001000000110010000000000001001010110000001
000000000000000001000000011000000000000011001001100010001000000001000000010000010
000000000000000001000000011000000000000001000000110010000000000001001001011000010
000000000000000000000001011000000000000001000000010011000000000001001001011000010
000000000000000000000001011000000000000000011000001100000000000001001001011000010
000000000000000000000001011000000000000000000000001011000001000001010001011000010
000000000000000000000000011000000000000011001001001010001000000001000000010000011
000000000000000000000001011000000000000000001000001110000000000001001001011000010
000000000000000000000001011000000000001001001011000010000000001000000010000001100
000000000000000001000000010000000000000011001001001010001000000001000000010000011
000000000000000001000000011000000000000011010001100001001000000001000000010000010
000000000000000001000000011000000000000001000000110010000000000001001001110000010
000000000000000000001001001000000000000000010000000011000001000001001010010010001
000000000000000000001001001000000000000000010000000011000001000001001001010010010
000000000000000001000000011000000000000001010001010001001000000001000000010001010
000000000000000000000001011000000000000001000000110001000000000001001001011000010
000000000000000001000000011000000000000001001001010010001000000001000000010001010
000000000000000000000001011000000000000000000000001011000000011001001000011000100
000000000000000000000001011000000000000000001000001110000000001001001000011000010
000000000000000000000001011000000000000001000000110001000000001001001000011000010
000000000000000000000001011000000000000000000000001011000001000001000011011010000
000000000000000000000000000000000000001001001001001001000000001000010110001110000
000000000000000000000000000000000001000001110001011000001000001001000001010000010
000000000000000000000000000000000001000001001000110010000001000001110000011000001
000000000000000000000000011000000000000001011001011000001000000001000000010000011
000000000000000001000000010000000000000001011001011000001000000001000000010000011
000000000000000001000000011000000000000001000000110001000000000001001010110000010
000000000000000001000000011000000000000001000000110001000000000001001010110001000
000000000000000000001001001000000000000000010000000011000001000001110000110000010
000000000000000001000000011000000000000011001001100000001000000001000000010100010
000000000000000000001001001000000000000000000001001001000000001000010110001110000
000000000000000000000001011000000000000000000000001011000001000001110000011000001
000000000000000000000001011000000001000000001000000010000001000001110000011000010
000000000000000000000001011000000000000000001000001010000001000001110000011000001
000000000000000000000001011000000000000000001000001110000000000001000011011001000
000000000000000000000001001000000000000000001000001110000000001001000110011001000
000000000000000000000001011000000000000000011000001100000000000001000011011001000
000000000000000000000001011000000000001000011011001000000000001000000010000001100
000000000000000000000001011000000000000001000000110001000000000001000011011001000
000000000000000000000001011000000000000001000000010011000000000001000011011001000
000000000000000000000001011000000000000000000000001011000000001001000110011001000
000000000000000000000001001000000000000000010000001101000000100001000011011001000
000000000000000000000001011000000000000000001000001010000000001001000110011001000
000000000000000000001001001000000000000000001000000011000001000001001010010010010
000000000000000001000000011000000000000001010001010010001000000001000000010001001
000000000000000000000001001000000000000000001000001110000001000001110000011000001
000000000000000000001001001000000000000000010000000011001001010001010000010001000
000000000000000001000000011000000000000001000000110010000000000001001001110001000
000000000000000000000001011000000000000000001000001110000000001001000010011001000
000000000000000000001001001000000000000000001000000011001001010001010000010001000
000000000000000000000001011000000000000001000000110001000000001001000010011001000
000000000000000000000001011000000000000000000000001011000000011001000100011001000
000000000000000000001001001000000000000000001000000011001001000001001000010010010
000000000000000001000000011000001000000001000001010001001000000001000000010001010
000000000000000000001001001000000000000000001000000011000001000001110000110000010
000000000000000001000000011000000000000011010001100000001000000001000000010100001
000000000000000000001001001000000000000000010000000011001001000001001000010010010
000000000000000000000000000000000001000001001000110010000000001001000110011001000
000000000000000000000001001000000001000000001000001010000001000001110000011000010
000000000000000001000000011000000000000011010001100010001000000001000000010000001
000000000000000000000001001000000000000000011000001100000000001001001010110000010
000000000000000000000001001000000000000000001000011010000001000001010001110010000
000000000000000000000001001000000000000000001000001110000000001001001010110000010
000000000000000000000001001000000001000000010000001100000000001001001010110000010
000000000000000000000001001000000000000000001001010010000001110000010000001001001
000000000000000000000000000000000000001001001001001001000000001000010110001101000
000000000000000000000001001000000000000000001001000110000000001001001010001001010
000000000000000000000001011000000000000000000001001001001000000001000011010001100
000000000000000000001001001000000000000000001000001010001000000001000011010001100
000000000000000000000001001000000000000000011001000100000000001001001010001001010
000000000000000000000001001000000000000000000001000011001000001010001010010001010
000000000000000000000001001000000000001000000010000011000000001001001010001001010
000000000000000000000001001000000001000000010001000100000000001001001010001001010
000000000000000000000001001000000000000000000001000011001000001001001010010001010
000000000000000000000001001000000000000000000001000011001000001010001010100001010
000000000000000000000001001000000000000000011001001100000000001001000010001001010
000000000000000000000001011000000000000000000001001001001000000010000011010001100
000000000000000000000001001000000001000001010001001010001000000001000000010000011
000000000000000000000001011000000000001000000010001001000000000001000011001001100
000000000000000000000000000000000000000001011001010100000010001001000100001001100
000000000000000000000000000000000001000001110001010000000010010001000001001001001
000000000000000000000001001000000001000000010001001100000000001001000010001001010
000000000000000000000001011000000000000000000001001001001000000010000011100001100
000000000000000000000000000000000000001001001001010010000001010000010001001001010
000000000000000000000000000000000000001001001001010010000001010000010100001001010
000000000000000000000000000000000000001001001001010010000001010000100100001001010
000000000000000000001001001000000000000000000001010010000001010000010001001001010
000000000000000000000000000000000001000001010001001001001010000001010001010001000
000000000000000000001001001000000000000000000001001010000000001001010010010001010
000000000000000000000000000000000000000001011001010100000010001001000100010001100
000000000000000000000000000000000000000001011001010100000001100000010001001100100
000000000000000000000000000000000000000001001001000110001000001010001001010001010
000000000000000000000000000000000000000001001001000110001000001001001010010001001
000000000000000000000000000000000000000001001001000110001000001010001001100001010
000000000000000000000000000000000000001001001001010010000001010000010100001001001
000000000000000000000000000000000000001001001001001010000001001000010010001010001
000000000000000000000000000000000000001001001001001010000001001000010010001100001
000000000000000000000000000000000000001001001001010010001000001010000010010010001
000000000000000000000000000000000000001001001001010010001000001010000010100010001
000000000000000000000000000000000000000001001001001010000001001001010001001010010
000000000000000000000000000000000000000001001001001010000001001001010001001100010
000000000000000000000000000000000000001001001001010010000001010000010100001001100
000000000000000000000000000000000000001001001001010010000001010000010001001001100
000000000000000000000001001000000000000000010000001101000000100001000011110001000
000000000000000000000000000000000000001001001001010010000001010000100100001001001
000000000000000000000000000000000000001001001001001010000001001000010100001010001
000000000000000000000000000000000000001001001001001010000001001000010100001100001
000000000000000000000000000000000000001001001001010010001000001010000100010010001
000000000000000000000000000000000000001001001001010010001000001010000100100010001
000000000000000000000000000000000000000001001001001010000001001001010001001010100
000000000000000000000000000000000000000001001001001010000001001001010001001100100
000000000000000000000000000000000000001001001001010010000001010000100100001001100
000000000000000000000000000000000000001001001001010010000001010000010100001100010
000000000000000000000001001000000000000000000001000011001000001001001010010001100
000000000000000000000000000000000000000001001001000110001000001001001010010001100
000000000000000000000001001000000000000000010001000101000000100001001001001001010
000000000000000000000001001000000000000000010000001101000000100001001001110000010
000000000000000000001001001000000001000000010000000010001001010001010000010001000
000000000000000000001001001000000001000000001000000010001001010001010000010001000
000000000000000000000001011000000000000000000001001001001000010001010001010001000
000000000000000000001001001000000000000000000001001010000001001000010010001010001
000000000000000000001001001000000000000000000001001010000001001000010010001100001
000000000000000000000001001000000000000000000001001010000001001001010001001010010
000000000000000000000001001000000000000000000001001010000001001001010001001100010
000000000000000000001001001000000000000000000001010010000001010000010001001001100
000000000000000000000001001000000000000000010000001101000000100001001010110000001
000000000000000000000000000000000001000001010001001001001010000001100001010001000
000000000000000000000001001000000000000000001001001010001000001001001100010000010
000000000000000000000000000000000001000001010001000100000001100001001001001010010
000000000000000000000001011000000000000001000001010001000000000001000101001001010
000000000000000000000000000000000001000001010001001001001000000001001001010000110
000000000000000000000000000000000001000011010001100000000100000001001001001100001
000000000000000000000000000000000001000001001000110010000001000001001001110010000
000000000000000000000000000000000001000001110001001000000000001001001001001010010
000000000000000000000001001000000000001000000110000001001000000001001001010001010
000000000000000000000000000000000001000001010001001001000001000001010001001010010
000000000000000000000000000000000001000001010001001001000001000001010001001100010
000000000000000000000000000000000001000001110001010000000010000001001001001010001
000000000000000000000000000000000001000001010001010010000001000001001001001010001
000000000000000000000000000000000001000001010001010100000001000001001001001010001
000000000000000000000001001000000001000000001001001010000000010001000100001001010
000000000000000000000001001000000001000000001001000010000000010001001010001001100
000000000000000000000001011000000000000000000001001001000000010001000101110001000
000000000000000000000001001000000001000000001000001010000000010001001010110000100
000000000000000000000001011000000000000000000000001011000000001001000110110001000
000000000000000000000001011000000000000000001000001010000000001001000110110001000
000000000000000000000000000000000001000001010001001001000001000001010001001010100
000000000000000000000000000000000001000001010001001001000001000001010001001100100
000000000000000000000000000000000001000001110001010000000010000001010001001100001
000000000000000000000000000000000001000001001001010010000001000001001001110100000
000000000000000000000000000000000001000001010001010010000001000001001001001100001
000000000000000000000000000000000001000001010001010100000001000001001001001100001
000000000000000000000001011000000000000000001001000010000001000001001001001010010
000000000000000000000001011000000000000000000001000011000001000001001001010010010
000000000000000000000001011000000001000000001000000010000001000001001010110010000
000000000000000000000001011000000000000000000001001001000001101001000000110000010
000000000000000000001001001000000000000000000001001001000000001000010110001101000
000000000000000000000001011000000000000001101001000010001000000001000000010001001
000000000000000000000000000000000000000001011001001100001000000001001100010000011
000000000000000000001001001000000001000000010000000010000001000001001001010010010
000000000000000000000001011000000000000000001000001110000000000001000011110001000
000000000000000000000001011000000000000000001000001110000000000001001001110000010
000000000000000000000001011000000000000000001000001110000000001001001000110000010
000000000000000000000001011000000000000000001000001110000000001001000010110001000
000000000000000000001001001000000001000000001000000010000001000001001010010010010
000000000000000000001001001000000001000000010000000010000001000001001010010010001
000000000000000000000001011000000000000000000001010001001000000001010010010001001
000000000000000000000000000000000000000001011001001100001000000001001001010000110
000000000000000000000000000000000001000001010001001100001000000001001001010000110
000000000000000000001001001000000000000000010000001101000000000001001010110000001
000000000000000000001001001000000000000000010000001101000001010001000000110000001
000000000000000000001001001000000000000000010000001101001000000001001010010000001
000000000000000000001001001000000000000000001000010110001000000001010001010001000
000000000000000000000001001000000001001001001001001010000000010000000010001000100
000000000000000000000001001000000001001000010001001001000000010000000010001001100
000000000000000000000001001000000001001001001110000010000000010000000010000001100
000000000000000000000001001000000000001000000110000010000000001001001001001001010
000000000000000000000001001000000000000000001001010010000001000001001001110010000
000000000000000000000001001000000000000000001000010110000001000001001001110010000
000000000000000000000000000000000001000001110001001000001000000001001001010000110
000000000000000000000001001000000001001001001110000010001000000001000000010001000
000000000000000000000001001000000000001000000110000001000001000001001001110010000
000000000000000000000001001000000000000000001001000110000001000001001001110010000
000000000000000000000001001000000000000000001001000110001000000001001001010001010
000000000000000000000000000000000001000001001001010010001000000001001001010001010
000000000000000000000000000000000001000001010001010100001000000001001001010001100
000000000000000000000000000000000001000001001001010010001000000001001001010001100
000000000000000000000001001000000001001001010001010001000010000000010000001001000
000000000000000000000000000000000000000001011001001100000001000000010011001010100
000000000000000000000000000000000000000001011001001100001000000010000011010001100
000000000000000000000000000000000000000001011001001100000001000001000011001010100
000000000000000000000000000000000000000001011001001100001000000010000011100001100
000000000000000000000000000000000000000001011001001100000001000000010011001100100
000000000000000000000000000000000001000001110001001000001000001001000001010001010
000000000000000000000000000000000001000001110001010000001000001001000001010010010
000000000000000000000001001000000000001000000110000001001001000001001000010010001
000000000000000000000000000000000001000001110001110000001000001001000001010000010
000000000000000000000000000000000001000001001000110010000001000001110000110000001
000000000000000000000000000000000001000001010001001100001000001001000001010001100
000000000000000000000000000000000001000001010001010100001000001001000001010001100
000000000000000000000000000000000001000001010001010100001000001001000001010001010
000000000000000000000000000000000001000011010001100100001000001001000001010000100
000000000000000000000000000000000001000011010001100100001000001001000001010000010
000000000000000000000000000000000000000001011001010100000001100001000011001010000
000000000000000000000000000000000000000001001001000110000001110001000001110001000
000000000000000000000001011000000000000000000001001001001000010001000010010001100
000000000000000000000000000000000001000001010001001010001000001001000001010001100
000000000000000000000000000000000001000001010001010010001000001001000001010001100
000000000000000000000001001000000000000000001000001110000000001001000110110001000
000000000000000000000000000000000001000011010001100010001000001001000001010000100
000000000000000000000000000000000001000001001001010010001001000001001000010100001
000000000000000000000000000000000001000011010001100000001000001001000001010100100
000000000000000000001001001000000000000000001000001110000000001001001000010000110
000000000000000000001001001000000001000000001000000010001001000001001000010010010
000000000000000000001001001000000001000000010000000010001001000001001000010010010
000000000000000000000001001000000000000000001001010010001001000001001000010010001
000000000000000000001001001000000001000000001000010010001010000001010000010001000
000000000000000000001001001000000000000000001000010110001010000001010000010001000
000000000000000000000001001000000001000000001001010010001001000001001000010010000
000000000000000000000001011000000000000000000001000011001001000001001000010010001
000000000000000000000001011000000000000000001001000010001001000001001000010010001
000000000000000000000001001000000000000000001001000110001001000001001000010010001
000000000000000000000001001000000001000000001001000010001001000001001000010010010
000000000000000000000000000000000000000001011001001100000001000000010101001010010
000000000000000000000000000000000000000001011001001100001000000010000101010001010
000000000000000000000000000000000000001001001001001010000001000000010011001010100
000000000000000000000000000000000000000001011001001100000001101001000000110000010
000000000000000000000000000000000000000001011001001100000001000001000101001010010
000000000000000000000000000000000000000001011001001100001000000010000101100001010
000000000000000000000000000000000000000001011001001100000001000000010101001100010
000000000000000000000000000000000000000001011001001100000001000000110001001000110
000000000000000000000000000000000000000001011001001100000001000001010001001010010
000000000000000000000000000000000000000001011001001100000001000001010001001100010
000000000000000000000000000000000001000001001000110010000001000001010001110100000
000000000000000000000000000000000000001001001001001010000001000000010011001100100
000000000000000000000000000000000001000011010001100000000100000001001001001010001
000000000000000000000000000000000000001001001001001010000001000000110100001000011
000000000000000000000001001000000000000000001001000110000000001001001010001001100
000000000000000000000001011000000000000000000001001001001000001001000010010001100
000000000000000000000001001000000000000000001000001110000000001001001010110000100
000000000000000000001001001000000000000000001000001010001000001001000010010001100
000000000000000000000000000000000000000001001001000110001000001010001010010001100
000000000000000000000000000000000000000001001001000110001000001010001010100001100
000000000000000000001001001000000000000000000001001010000001000000010011001010100
000000000000000000001001001000000000000000000001001010000001000000010011001100100
000000000000000000000000000000000000001001001001001010000001000000010101001010010
000000000000000000000000000000000000000001011001001100000001000001010001001010100
000000000000000000000000000000000000000001011001001100000001000001010001001100100
000000000000000000000000000000000001000001001000110010000000001001000110110001000
000000000000000000000000000000000000001001001001001010000001000000010101001100010
000000000000000000000000000000000001000001001000110010000000001001001010001001100
000000000000000000000000000000000001000001001000110010000000001001001010010001100
000000000000000000000000000000000001000001001000110010000000001001001010110000100
000000000000000000000000000000000001000001001000110010000000001001001100110000010
000000000000000000000000000000000001000001001001010010000000001001001010001001100
000000000000000000000000000000000001000001001000110010000000001001001100001001100
000000000000000000000000000000000001000001001000110010000000001001001100010001100
000000000000000000000000000000000001000001001000110010000000001001001100110000100
000000000000000000000000000000000001000001001001010010000000001001001100001001100
000000000000000000000001001000000001001001000110000010001000000001000000010001001
000000000000000000000000000000000001000001001000110010000000001001001100110001000
000000000000000000000001001000000000000001110001000001000000000001001010001010001
000000000000000000001001001000000000000000001001010010000001000001001000010010001
000000000000000000001001001000000001000000001000001010001000000001001000010110000
000000000000000000001001001000000000000000001000001110001000000001001000010110000
000000000000000000000001001000000001000000001001001010001000000001001000010110000
000000000000000000001001001000000000000000001000001110001000000001000001010001010
000000000000000000001001001000000000000000001000001110001000000001001000010010001
000000000000000000000001001000000001000000001001001010001000000001001000010010010
000000000000000000001001001000000001000000001000001010001000000001001000010010010
000000000000000000001001001000000001000000001000011010001000000001001000010010000
000000000000000000000001011000001000000001000001010001001000000001000001010000010
000000000000000000001001001000000000000000001000001110000000001001001000110000010
000000000000000000001001001000000000000000001000010110000010000001010000110001000
000000000000000000000001001000000001000000001001010010000001000001001000110010000
000000000000000000001001001000000001000000001000010010000010000001010000110001000
000000000000000000000001011000000000000000000000001011000000001001001100110000100
000000000000000000000001011000000000000000000000001011000001000001010001110010000
000000000000000000000001011000000000000000001000001010000000001001001100110000100
000000000000000000000001011000000000000000001000001010000001000001010001110010000
000000000000000000000001001000000000000000001000001110000001000001010001110010000
000000000000000000000001001000000001000000010000000010000000011001001100110001000
000000000000000000000001001000000001000000001000001010000001000001010010110010000
000000000000000000000001011000000001000000001000000010000001000001010010110010000
000000000000000000000001001000000001000000001000001010000000010001001100110000100
000000000000000000000001011000000000001001001110000001000000010000000010000001100
000000000000000000000001011000000000000001000000110001000000000001001010110000010
000000000000000000000000011000000000000000000000001011000000011001001100110001000
000000000000000000000001011000000000000000001000000010000000011001001100110001000
000000000000000000000001011000000001000000001000000010000000010001001100110001000
000000000000000000000001001000000001000000001000001010000001000001010010110000010
000000000000000000000001011000000001000000001000000010000001000001010010110100000
000000000000000000000001011000000001000000001000000010000001000001110000110000010
000000000000000001000001110000000000001010001110000001000001000000010000000010000
000000000000000001000001110000000000001010001110000001000001000000001000000010000
000000000000000001000001110000000000001011000110000001000001000000010000000010000
000000000000000001000001110000000000001010001110010000000001000000001000000010000
000000000000000001000011010000000000001001001110000001000001000000010000000010000
000000000000000000001001001000000001000000010000000010000001000001110000010000011
000000000000000001000001010000000000000001000000110010000000000001001001110000001
000000000000000000000000000000000000001001001001001001000001001000010110001010000
000000000000000000001001001000000000000000000001001001000001001000010110001010000
000000000000000000000001011000000000000000001000001010000000001001001100110000010
000000000000000000000000000000000001000000001001001010000001001001010010001010100
000000000000000000000000000000000001000000001001001010000001001001010010001100100
000000000000000000000001011000000000000000000000001011000000001001001010110000100
000000000000000000000001011000000000000000001000001010000000001001001010110000100
000000000000000000000001011000000000000000000000001011000001000001010001110100000
000000000000000000000001011000000000000000001000001010000001000001010001110100000
000000000000000000000001001000000000000000001000001110000001000001010001110100000
000000000000000000000001001000000001000000001000001010000001000001010010110100000
000000000000000000000000000000000000001001001001001001000001001000010110001100000
000000000000000000001001001000000000000000000001001001000001001000010110001100000
000000000000000001000001110000000000001001001110010000000001000000010000000010000
000000000000000000000001001000000000001001001010010010000000010000000010010001001
000000000000000000001001001000000000000001110001010001000010000000010000001001000
000000000000000000000001011000000000000001000000010011000000000001001001110000010
000000000000000000000001011000000000000000011000001100000000000001001001110000010
000000000000000000000001011000000000000000000000001011000001000001010001110000010
000000000000000000000000011000000000000011001001100010001000000001000000010000011
000000000000000000000001011000000000001001001110000010000000001000000010000001100
000000000000000001000000010000000000000011001001100010001000000001000000010000011
000000000000000001000001110000000000001010001110001000000001000000010000000010000
000000000000000001000001010000000000000001000000110001000000000001001010110000001
000000000000000000000000000000000000000001011001010100000010000001100100010001100
000000000000000000000001011000000000000110001001001010001000000001000000010000010
000000000000000000000001011000000000000110001001001010000000000001000000110000010
000000000000000000001001001000000000000001110001010001000010000000010000001100000
000000000000000000001001001000000000000000001000010110000000000001010001110001000
000000000000000000000001011000000000000001000000110001000000000001001001110000010
000000000000000001000001010000000000000001000000110001000000000001001001110000010
000000000000000000000001001000000001001000110010001000001001001010000000010000000
000000000000000000001001001000000000000001001000010110001000000001000000010011000
000000000000000000000001011000000000001000001110000010000001000000001000001010001
000000000000000000000000000000000000000001001001001001000001001001000110001110000
000000000000000000000001001000000000000000000001001001000001001001000110001110000
000000000000000000000001011000000000000000000001001001000001001001000010001110000
000000000000000000000001011000000000000000000001001001000001000001000011001110000
000000000000000000000001011000000000001000001010001001000000010000000010001001100
000000000000000000000001011000000001000000001001001100001000000001000000010001010
000000000000000000000001011000000000001001000110000001000000010000000010001001100
000000000000000000000000000000000001000001110001001000000001000001010001001010001
000000000000000000000000000000000001000001110001001000000001000001010001001100001
000000000000000000000001011000000000000000000001000011000001000001000011001110000
000000000000000000000000011000000000001001001001001001000000010000000010001001100
000000000000000000000001011000000000000000000001001001000110010001000000110001000
000000000000000000000001011000000000000000000001001001000001000001110000110000010
000000000000000000000000000000000001000000001001001010000001001001010100001010100
000000000000000000000000000000000001000000001001001010000001001001010100001100100
000000000000000000001001001000000001000000010000000010000001000001110000110000010
000000000000000000001001001000000001000000001000000010000001000001110000110000010
000000000000000000000001011000000000000000000001000011000001000001110000110000001
000000000000000000000001011000000000000000000000001011000000011001001000110000100
000000000000000000000001011000000000000000000000001011000001000001110000110000001
000000000000000000000001011000000000000000001000001010000001000001110000110000001
000000000000000000000001001000000000000000001000001110000001000001110000110000001
000000000000000000000001001000000001000000001000001010000001000001110000110000010
000000000000000000001001001000000000000000000001001010000001000001110000010000011
000000000000000000000001011000000000000000000001001001000010011001000000110001000
000000000000000000000001011000000000000001000000110001000000001001001000110000010
000000000000000000000000000000000001000001110001010000000010000001001001001100001
000000000000000000000001011000000000000000000001001001000001000001110000010000011
000000000000000000001001001000000000000000001001001010000001000000110010001000001
000000000000000000000001001000000001001000110010001000010000000010000000100001001
000000000000000000001001001000000001000001110001010000000010000000010000001100000
000000000000000000001001001000000000000000001000010110000010001001000000110001000
000000000000000000000001011000000000000000000001000011000001000001110000010000011
000000000000000000001001001000000001000000001000011010000001000001000000110010000
000000000000000000000001011000000001001000000110000010000001000000001000001010001
000000000000000000000001011000000000000000000000001011000001000001000011110010000
000000000000000000001001001000000000000000001000001110000001000001000001110010000
000000000000000000000000000000000001000001110001010000000010000001100001001100001
000000000000000000000001011000000000000000000000001011000001000001000011010110000
000000000000000000001001001000000000000000001000001110000001000001000001010110000
000000000000000000001001001000000001000000001001001010000001000001000000010110000
000000000000000000000000011000000000000001011001110000001000000001000000010000011
000000000000000001000000010000000000000001011001110000001000000001000000010000011
000000000000000001001001010000000000000001001010110000001000001010000000010000000
000000000000000001000001110000000000000001001001110000001000000001000000010000001
000000000000000001000001110000000000001000001110010000000001001000010000000010000
000000000000000000000001011000001000000001000001010001001000000001000000010000011
000000000000000001000001110000000000000001000001110000001000000001000000010001001
000000000000000000000001011000000000000000011000001100000000000001000011110001000
000000000000000000000001011000000000001000011110001000000000001000000010000001100
000000000000000000000001011000000000000001000000110001000000000001000011110001000
000000000000000000000001011000000000000001000000010011000000000001000011110001000
000000000000000001000001010000000000000001000000110001000000000001000011110001000
000000000000000000001001001000000000000000000001001010000000011000001100001110000
000000000000000000001001001000000001000000001001001010000001000001000000010010010
000000000000000001001001010000000000000001000001010001000000000001000001110001000
000000000000000000000001011000000000000110001001001000001000000001000000010000011
000000000000000000000001011000000000000000000001001001000000011001000100110001000
000000000000000001000001110000000000000001000001010001000000000001001000110000001
000000000000000000000001011000000000000001000000110001000000001001000010110001000
000000000000000000000001011000000000000000000000001011000000011001000100110001000
000000000000000001000001110000000000000001000000110001000000000001000001110001000
000000000000000001000001110000000000001010000110000001000001001000010000000010000
000000000000000000000001011000000000001000000110000001000000000001001001001010010
000000000000000000000001011000000000000001001001010010001000000001000000010000011
000000000000000000001001001000000001000000001000011010001000000001000000010011000
000000000000000001000001010000001000000001000001010001001000000001000000010000011
000000000000000000000001011000000000000010001001001010001000000001000000010010010
000000000000000000000001011000000000000000011001001100001000000001000000010001001
000000000000000000001001001000000000000000001000001110000001000001010000010010001
000000000000000000000001011000000001000000010001001100001000000001000000010001001
000000000000000000001001001000000000000000001000001110000001000001010000010100001
000000000000000001000001110000000000000001000001010001001000000001000000010001001
000000000000000000000001001000000000001000000110000001000000001001001010001001010
000000000000000000000001001000000000001000000110000001000000001001001010001001100
000000000000000001000001110000000000000001000001110000000000000001001000110000001
000000000000000000000000011000000000000000011001001100000000000000001011001110000
000000000000000000000001001000000001000000001000001010000001000001010010010010010
000000000000000000000000011000000000000001011001110000000000001000000010001001100
000000000000000000000001001000000001000000001000001010000001000001010010010100010
000000000000000000000001011000000000000110001001001000001000000001000000010001010
000000000000000000000001001000000001000000001001001010000000010001000100001001100
000000000000000000000001001000000001000000001001000010000000010001001100001001100
000000000000000000000001011000000000000010011001001000001000000001000000010001001
000000000000000001000001110000000000000001001001010000001000000001000000010010001
000000000000000000000001011000000000000001011001001000001000000001000000010000011
000000000000000000000001011000000000000010011001001000001000000001000000010000011
000000000000000000000001011000000000000000000001001001000001000001010010001010010
000000000000000000000001011000000000000000000001001001000001000001010010001100010
000000000000000000000000000000000000001001001001001001000001001000010010001010010
000000000000000000000000000000000000001001001001001001000001001000010010001010100
000000000000000000000000000000000001000001010001001010000001000001010001001010001
000000000000000000000000000000000001000001010001010010000001000001100001001100001
000000000000000000000000000000000000001001001001001001000001001000010010001100100
000000000000000000000000000000000001000001010001001100000001000001010001001010001
000000000000000000000000000000000001000001010001010100000001000001100001001100001
000000000000000000000001011000000000000000011001001100000000000001001000010000011
000000000000000000000001011000000000000000000001000011000000001001001100001001100
000000000000000000000001011000000000000000000001000011000000011001001000001010100
000000000000000000000000000000000000000001001001001001000001001001010010001010010
000000000000000000000001001000000000000000000001001001000001001001010010001010010
000000000000000000000000000000000000000001001001001010000001001001010100001010100
000000000000000000000000000000000001000001010001010010000001000001010001001100001
000000000000000000000000000000000001000001010001001010000001000001010001001100001
000000000000000000000000000000000001000001010001010100000001000001010001001100001
000000000000000000000000000000000001000001010001001100000001000001010001001100001
000000000000000000000001011000000000001000000010000011000000000001001001001001010
000000000000000000000001011000000000001000011010001000000000001000000010010001100
000000000000000000000000011000000000000000011001001100000000000001001001001001010
000000000000000000000001011000000000000000000000001011000001000001010001010010010
000000000000000000000000011000000000001001001001001010000000001000000010001001100
000000000000000000000001011000000000000000000000001011000001000001010001010100010
000000000000000000000001011000000000000000000001001001000001000001010001001010010
000000000000000000000001011000000000000000011001001100000000000001000001010001010
000000000000000000000000000000000000000001001001001010000001001001010010001010100
000000000000000000000000000000000000000001001001001001000001001001010010001010100
000000000000000000000001001000000000000000000001001001000001001001010010001010100
000000000000000000000000000000000000000001001001001010000001001001010100001100100
000000000000000000000001011000000000000000000001000011000001000001010001001010010
000000000000000000000001011000000000000000000001000011000001000001010001001100010
000000000000000000000001011000000000000000000001000011000000001001001010001001100
000000000000000000000001011000000000000000000001000011000000001001001010001010100
000000000000000000000000000000000000000001001001001001000001001001010010001100100
000000000000000000000000000000000000001001001001010010001000000010001010010010001
000000000000000000000000000000000000001001001001010010001000000010001010100010001
000000000000000000000000000000000000001001001001010010000000001001010010010001100
000000000000000000000001011000000000001000001010000010000000000001001010010001001
000000000000000000000000000000000000001001001001010010000001100000100001001010010
000000000000000000000001011000000000000000000001001001000001000001010001001100010
000000000000000000000001011000000000001000001010001010000000001000000010001001100
000000000000000000000001001000000000000000001001001010000000010001001100001010001
000000000000000000000000000000000000000001001001001010000001001001010010001100100
000000000000000000000000000000000000001001001001010010000001010000010001001100100
000000000000000000000001001000000000000000000001001001000001001001010010001100100
000000000000000000000000000000000001001001010001010100000001100000010010001000001
000000000000000000001001001000000000000000000001001001000001001000010010001010010
000000000000000000001001001000000000000000000001010010001000000010001010010010001
000000000000000000001001001000000000000000000001001001000001001000010010001010100
000000000000000000001001001000000000000000000001001001000001001000010010001100100
000000000000000000001001001000000000000000000001010010000001010000010001001100100
000000000000000000001001001000000000000000000001010010001000000010001010100010001
