110100000100000100000000000101000100010000000000000000010100100000000000000000000
110100000100000000000110100100001100000010000000010000000000000000000000000000000
110100000100000000000100100100100100000011100000000000000000000000000000000000000
110100000100000000000011100100010100000001000000001000000000000000000000000000000
110100000100000000000000000100100100000011100000000000000100100000000000000000000
110100000100000000000000000100100100000010100000000000000110100000000000000000000
110100000100010100000010000010010100010000100000000000000000000000000000000000000
110100000100000100000010000010010100010010100000000000000000000000000000000000000
110100000100000100000000000010100100010010100000100000000000000000000000000000000
110100000100000110000000001010000000010000000001100001000000000000000000000000000
110100000100000100000000000010010100010010100000100000000000000000000000000000000
110100000100000100000000000010010100010001100000100000000000000000000000000000000
110100000100000100000000000010000100010000100001100010000000000000000000000000000
110100000100010100000010000010010100000000000000000000010000100000000000000000000
110100000100000100000010000010010100000000000000000000010010100000000000000000000
110100000100000100000000000010100100000000000000000000010000011000000100000000000
110100000100000100000000000010010100000100000000100000010000100000000000000000000
110100000001000000000000000100000000100000000010110000001110000000000000000000000
110100000001000000000000000100000000100000000010100100001100100000000000000000000
110100000001000110000000001100000000100000000010100001000000000000000000000000000
110100000001000100000000000100000100100000100010100010000000000000000000000000000
110100000001010100000010000100010100100000100000000000000000000000000000000000000
110100000001000100000010000100010100100010100000000000000000000000000000000000000
110100000001000100000000000100100100100010100000100000000000000000000000000000000
110100000001000100000000000100010100100010100000100000000000000000000000000000000
110100000001000100000000000100010100100001100000100000000000000000000000000000000
110100000001000000000010000100000000011010000000000000101010000000000000000000000
110100000001000000000000000100100000010011000001000000100100000000000000000000000
110100000001000000000000000100000000011100000000000000101010000000100000000000000
110100000001000000000000000101000000010011000000100000100100000000000000000000000
110100000001000000000000000100000000010011000001100000100100000000000000000000000
110100000001000100000000000100000000011000100000000000100100100000000000000000000
110100000001010100000010000100010100000000000000000000100000100000000000000000000
110100000001000000000010000100101000000010000000000000101010000000000000000000000
110100000001000100000010000100010100000000000000000000100010100000000000000000000
110100000001000000000000000101100000000010000000010000100110000000000000000000000
110100000001000100000000000100100100000000000000000000100000011000000100000000000
110100000001000000000000000100110000000000000000000000101001000000010000000010000
110100000001000000000000000100100100000000010000000010101000010000000000000000000
110100000001000000000000000100100100000000000000000000101000010000000100000000100
110100000001000100000000000100010100000100000000100000100000100000000000000000000
110100000001000000000000000100000100001100100000000000101000100000000000000000000
110100000001100100000000000110000100001000000000000000001100000000000000000000000
110100000001100100000010000100010100001000000001000000000000000000000000000000000
110100000001100100000000000100010100001100000001000000000000000000000000000000000
110100000001010100000001000100001100001000000001000000000000000000000000000000000
110100000001100100000000010001100010001000010000000000000000000000000000000000000
110100000001100100000000000001100010001000010000000100000000000000000000000000000
110100000001100100000000000001100010001000001000000100000000000000000000000000000
110100000001100100000000000001100000001000011000000100000000000000000000000000000
110100000001100100000000010001100010000000000000000000001000010000000000000000000
110100000001100100000000000001100000000000000000000000001000010000000100000000100
110100000001100100000000000001100000000000000000000000001000011000000100000000000
110100000001000100000100010001100010001000100000000000000000000000000000000000000
110100000001000000000000000001100100000010100000000000000110100000000000000000000
110100000000010000000000000110010000000100000000000000100110000010000000000000000
110100000000010000000000000100110000010000000000000000100100000010010000000000000
110100000000010000000000000100110000010000000000000000100000000010010000000100000
100100100010000000000000000010100010000000100000000000000100000010010100000000000
100100000010010000001001000100100000010001000001010000000000000000000000000000000
