000000001000001010001010100000001100001010010001100001000000000000000000000000000
000000001000001010001010100001000001001010010010001100000000000000000000000000000
000000001000001010001010100001010000001100001010001100000000000000000000000000000
000000001000011010001001100000000001001001100011000010000000000000000000000000000
000000001000011010001001100000000001001001100110000010000000000000000000000000000
000000001000011010001001100000000010000110001001001100000000000000000000000000000
000000001000011010001001100000000010001010001010010100000000000000000000000000000
000000001000011010001001100000000100001001010001010001000000000000000000000000000
000000001000011010001001100000000100001001010001100001000000000000000000000000000
000000001000011010001001100000000100001010001010001010000000000000000000000000000
000000001000011010001001100000000100001100001010001010000000000000000000000000000
000000001000011010001001100000001010000010100001010001000000000000000000000000000
000000001000011010001001100000001010000010100001100001000000000000000000000000000
000000001000011010001001100000001010000100100001010001000000000000000000000000000
000000001000011010001001100000001010000100100001100001000000000000000000000000000
000000001000011010001001100000010100000100010001010001000000000000000000000000000
000000001000011010001001100001000001001001010010000100000000000000000000000000000
000000001000011010001001100001000001010000100010001010000000000000000000000000000
000000001000011010001001100001000001010000100100001010000000000000000000000000000
000000001000011010001001100001001000001010001010000100000000000000000000000000000
000000001000011010001001100001001000001100001010000100000000000000000000000000000
000000001000011010001001100001010000001010001010000010000000000000000000000000000
000000001000011010001100100000000001001100100110000010000000000000000000000000000
000000001000011010001100100000000010000011001001100100000000000000000000000000000
000000001000011010001100100000000010001001001010001100000000000000000000000000000
000000001000011010001100100000000100001001001001100010000000000000000000000000000
000000001000011010001100100000000100001001001010100010000000000000000000000000000
000000001000011010001100100000001010000010100001010001000000000000000000000000000
000000001000011010001100100000001100000100010001001001000000000000000000000000000
000000001000011010001100100000001100000100010001010001000000000000000000000000000
000000001000011010001100100000100001001000010001100100000000000000000000000000000
000000001000011010001100100000100100001000001011100000000000000000000000000000000
000000001000011010001100100000100100001000001110100000000000000000000000000000000
000000001000011010001100100001000001001100010010000100000000000000000000000000000
000000001000011010001100100001000001010000100010100010000000000000000000000000000
000000001000011010001100100001000001010000100100100010000000000000000000000000000
000000001000011010001100100001001000001001001010000010000000000000000000000000000
000000001000011010001100100001001001001100000010000100000000000000000000000000000
000000001000011010001100100001100000001100001010000100000000000000000000000000000
000000001001001001001001010000000001001010010010001100000000000000000000000000000
000000001001001001001001010000000001001010100010001100000000000000000000000000000
000000001001001001001001010001010000010001000010010001000000000000000000000000000
000000001001001001001001010001010000010001000010100001000000000000000000000000000
000000001001001001001001010001010000010001000100100001000000000000000000000000000
000000001001001001001010010000000001001001010010001100000000000000000000000000000
000000001001001001001010010000000001001001100010001100000000000000000000000000000
000000001001001001001010010000000001001010100010001010000000000000000000000000000
000000001001001001001010010000000001001010100010001100000000000000000000000000000
000000001001001001001010010000000001001100010010001100000000000000000000000000000
000000001001001001001010010000000001001100100010001010000000000000000000000000000
000000001001001001001010010000000001001100100010001100000000000000000000000000000
000000001001001001001010010000001000001010100010100001000000000000000000000000000
000000001001001001001010010000001000001100010010100001000000000000000000000000000
000000001001001001001010010000001000001100100010100001000000000000000000000000000
000000001001001001001010010000001010000100001001010100000000000000000000000000000
000000001001001001001010010000001010000100001001100100000000000000000000000000000
000000001001001001001010010000001100000010001001001010000000000000000000000000000
000000001001001001001010010000001100000010001001001100000000000000000000000000000
000000001001001001001010010000001100000010001001100010000000000000000000000000000
000000001001001001001010010000001100000010001001100100000000000000000000000000000
000000001001001001001010010000001100000100001001001010000000000000000000000000000
000000001001001001001010010000001100000100001001001100000000000000000000000000000
000000001001001001001010010000001100000100001001010100000000000000000000000000000
000000001001001001001010010000001100000100001001100010000000000000000000000000000
000000001001001001001010010000001100000100001001100100000000000000000000000000000
000000001001001001001010010000001110000010001001100000000000000000000000000000000
000000001001001001001010010000001110001000000010010001000000000000000000000000000
000000001001001001001010010001000000010001010010100001000000000000000000000000000
000000001001001001001010010001000000010001010100100001000000000000000000000000000
000000001001001001001010010001000000010001100010010001000000000000000000000000000
000000001001001001001010010001000000010001100010100001000000000000000000000000000
000000001001001001001010010001000000010001100100010001000000000000000000000000000
000000001001001001001010010001000000010001100100100001000000000000000000000000000
000000001001001001001010010001000010010000001010001100000000000000000000000000000
000000001001001001001010010001000010010000001100001100000000000000000000000000000
000000001001001001001010010001000100010000001010001010000000000000000000000000000
000000001001001001001010010001000100010000001010001100000000000000000000000000000
000000001001001001001010010001000100010000001100001010000000000000000000000000000
000000001001001001001010010001000100010000001100001100000000000000000000000000000
000000001001001001001010010001010000010001000010100001000000000000000000000000000
000000001001001001001010010001010000010001000100100001000000000000000000000000000
000000001001001001001010010001100000010001000010100001000000000000000000000000000
000000001001001001001010010001100000010001000100100001000000000000000000000000000
000000001001001001010010010000001110001010000010000001000000000000000000000000000
000000001001001010001001010000000001001010100010001100000000000000000000000000000
000000001001001010001001010001010000010001000010010001000000000000000000000000000
000000001001001010001001010001010000010001000010100001000000000000000000000000000
000000001001001010001001010001010000010001000100100001000000000000000000000000000
000000001001001010001001100000000001001010010010001100000000000000000000000000000
000000001001001010001001100001010000010001000010010001000000000000000000000000000
000000001001001010001001100001010000010001000010100001000000000000000000000000000
000000001001001010001001100001010000010001000100100001000000000000000000000000000
000000001001001010001010100000001100000101010001000001000000000000000000000000000
000000001001001010010010010000001001000010100001010001000000000000000000000000000
000000001001001010010010010000001100000100001010001001000000000000000000000000000
000000001001001010010010010001001000001010001010010000000000000000000000000000000
000000001001001010010010010001001000001010001100010000000000000000000000000000000
000000001001001010010010010001010000001010000010001001000000000000000000000000000
000000001001001010010010010001010000001010000010100001000000000000000000000000000
000000001001001010010010010001010000001010000100100001000000000000000000000000000
000000001001001010010010010001010001001100000100010000000000000000000000000000000
000000001001001010010010100000000001001001100010010010000000000000000000000000000
000000001001001010010010100000001001000010010001010001000000000000000000000000000
000000001001001010010010100000001001000010100001010001000000000000000000000000000
000000001001001010010010100000001010000100001010001001000000000000000000000000000
000000001001001010010010100000001010010000100010001001000000000000000000000000000
000000001001001010010010100000001100000100001010001001000000000000000000000000000
000000001001001010010010100001001000001010001010010000000000000000000000000000000
000000001001001010010010100001001000001010001100010000000000000000000000000000000
000000001001001010010010100001010000001010000010001001000000000000000000000000000
000000001001001010010010100001010000001010000010100001000000000000000000000000000
000000001001001010010010100001010000001010000100100001000000000000000000000000000
000000001001001010010010100001010001001100000100010000000000000000000000000000000
000001001000001001001010010000001010000010001001100100000000000000000000000000000
000001001000001001001010010000001010000100001001010100000000000000000000000000000
000001001000001001001010010000001010000100001001100100000000000000000000000000000
000001001000001001001010010000001100000100001001010010000000000000000000000000000
000001001000001001001010010000001100000100001001010100000000000000000000000000000
000001001000001001001010010000001100000100001001100100000000000000000000000000000
000001001000010010001001001001000001001001010010000100000000000000000000000000000
000001001000010010001001001001000001001001100010000010000000000000000000000000000
000001001000010010001001001001000001001001100010000100000000000000000000000000000
000001001000010010001001010000001001000010010001010001000000000000000000000000000
000001001000010010001001010000001001000010010001010100000000000000000000000000000
000001001000010010001001010000001001000010010001100100000000000000000000000000000
000001001000010010001001010000001001000010100001010001000000000000000000000000000
000001001000010010001001010000001001000010100001100001000000000000000000000000000
000001001000010010001001010000001001000100010001010001000000000000000000000000000
000001001000010010001001010000001001000100010001010100000000000000000000000000000
000001001000010010001001010000001001000100010001100100000000000000000000000000000
000001001000010010001001010000001001000100100001010001000000000000000000000000000
000001001000010010001001010000001001000100100001100001000000000000000000000000000
000001001000010010001001010000001100000100010001010001000000000000000000000000000
000001001000010010001001010000001100000100010001010100000000000000000000000000000
000001001000010010001001010000001100000100010001100100000000000000000000000000000
000001001000010010001001010001000001001001100010000100000000000000000000000000000
000001001000010010001001010001000001010000010010001001000000000000000000000000000
000001001000010010001001010001000001010000010010001100000000000000000000000000000
000001001000010010001001010001000001010000010100001001000000000000000000000000000
000001001000010010001001010001000001010000010100001100000000000000000000000000000
000001001000010010001001010001000001010000100010001001000000000000000000000000000
000001001000010010001001010001000001010000100100001001000000000000000000000000000
000001001000010010001001010001000010001010001010000100000000000000000000000000000
000001001000010010001001010001000010001010100010000001000000000000000000000000000
000001001000010010001001010001000100001010001010000001000000000000000000000000000
000001001000010010001001010001000100010000010010001001000000000000000000000000000
000001001000010010001001010001000100010000010100001001000000000000000000000000000
000001001000010010001001010001000100010000010100001100000000000000000000000000000
000001001000010010001001100000001001000010010001100001000000000000000000000000000
000001001000010010001001100000001001000010100001100001000000000000000000000000000
000001001000010010001001100000001001000100100001010001000000000000000000000000000
000001001000010010001001100000001010001000001011000100000000000000000000000000000
000001001000010010001001100000001010001000001110000100000000000000000000000000000
000001001000010010001001100000010010001000100001010001000000000000000000000000000
000001001000010010001001100001000001001001010010000100000000000000000000000000000
000001001000010010001001100001000001001001100010000010000000000000000000000000000
000001001000010010001001100001000001010000010100001001000000000000000000000000000
000001001000010010001001100001000001010000100100001001000000000000000000000000000
000001001000010010001100100000001001001000100001001010000000000000000000000000000
