000000000000000001001001010000001001001001100001010001000000000000000000000000000
000000000000000001001001010001001000001010001010001001000000000000000000000000000
000000000000001001001000011000001010000001010001010100000000000000000000000000000
000000000000001001001000011001000000001001010010001010000000000000000000000000000
000000000000001001001000011001000000010001010010001010000000000000000000000000000
000000000000001001001000011001000000010001010100001010000000000000000000000000000
000000000000001001001000110000001010000001010001010100000000000000000000000000000
000000000000001001001000110001000000001001010010001010000000000000000000000000000
000000000000001001001000110001000000010001010010001010000000000000000000000000000
000000000000001001001000110001000000010001010100001010000000000000000000000000000
000000000000001001001001001000000001001001010001110000000000000000000000000000000
000000000000001001001001001001000000001001010010000011000000000000000000000000000
000000000000001001001001001001000000001001010010000101000000000000000000000000000
000000000000001001001001001001000001001000110010001000000000000000000000000000000
000000000000001001001001010000001001001000010001110000000000000000000000000000000
000000000000001011001001100000000100000001100001010001000000000000000000000000000
000000000000001011001001100000001100001000000011000100000000000000000000000000000
000000000000001011001001100000001100001000000110000100000000000000000000000000000
000000000000001011001001100001000000001001100010000100000000000000000000000000000
000000000000001011001001100001000000010000100010001100000000000000000000000000000
000000000000001011001001100001000000010000100100001100000000000000000000000000000
000000000001001001001001001000000001000011010001010000000000000000000000000000000
000000000001001001001001001000000001000011010001100000000000000000000000000000000
000000000001001001001001010000000000001010001010001001000000000000000000000000000
000000000001001001001010010000000000001001001010001010000000000000000000000000000
000000000001001001001010010000000000001001100010001010000000000000000000000000000
000000001000000001001001010000001000000010110001010001000000000000000000000000000
000000001000000001001001010000001000000010110001100001000000000000000000000000000
000000001000000001001001010000001000000011100001000011000000000000000000000000000
000000001000000001001001010000001000000011100001000101000000000000000000000000000
000000001000000001001001010000001000000110100001000011000000000000000000000000000
000000001000000001001001010000001000000110100001000101000000000000000000000000000
000000001000000001001001010000001001000010010001001100000000000000000000000000000
000000001000000001001001010000001001000010100001001010000000000000000000000000000
000000001000000001001001010000001001000010100001001100000000000000000000000000000
000000001000001001001010010000001000001001001001100000000000000000000000000000000
000000001000001010001001001000001000001000001001110000000000000000000000000000000
000001001000010010000100100000001001000010100000100010000000000000000000000000000
