000000000000001001001000011000001110001000001011001000000000000000000000000000000
000000000000001001001000011000001110001000001110001000000000000000000000000000000
000000000000001001001000011001000001001001010010001100000000000000000000000000000
000000000000001001001000011001000001001001100010001010000000000000000000000000000
000000000000001001001000011001000001001001100010001100000000000000000000000000000
000000000000001001001000011001000001010001010010001100000000000000000000000000000
000000000000001001001000011001000001010001010100001100000000000000000000000000000
000000000000001001001000011001000001010001100010001100000000000000000000000000000
000000000000001001001000011001000001010001100100001100000000000000000000000000000
000000000000001001001000110000001011001000001011001000000000000000000000000000000
000000000000001001001000110000001011001000001110001000000000000000000000000000000
000000000000001001001000110000001110001000001011001000000000000000000000000000000
000000000000001001001000110000001110001000001110001000000000000000000000000000000
000000000000001001001000110001000001001001010010001001000000000000000000000000000
000000000000001001001000110001000001001001010010001100000000000000000000000000000
000000000000001001001000110001000001010001001010001010000000000000000000000000000
000000000000001001001000110001000001010001001100001010000000000000000000000000000
000000000000001001001000110001000001010001010010001100000000000000000000000000000
000000000000001001001000110001000001010001010100001100000000000000000000000000000
000000000000001001001001001000001001001000110001110000000000000000000000000000000
000000000000001001001001001000001001001010010001010010000000000000000000000000000
000000000000001001001001001000001001001010010001010100000000000000000000000000000
000000000000001001001001001000001001001010010001100100000000000000000000000000000
000000000000001001001001010000001001001000101001110000000000000000000000000000000
000000000000001001001001010000001001001010001001010010000000000000000000000000000
000000000000001001001001010000001001001010001001010100000000000000000000000000000
000000000000001001001001010000001001001010001001100010000000000000000000000000000
000000000000001001001001010000001001001010001001100100000000000000000000000000000
000000000000001001001001010000001001001010010001010100000000000000000000000000000
000000000000001001001001010000001001001010010001100100000000000000000000000000000
000000000000001001001001010000001001001010100001010100000000000000000000000000000
000000000000001001001001010000001001001010100001100100000000000000000000000000000
000000000000001011001001001000001000000010011001010010000000000000000000000000000
000000000000001011001001001000001000000010011001010100000000000000000000000000000
000000000000001011001001001000001000000010011001100010000000000000000000000000000
000000000000001011001001001000001000000010011001100100000000000000000000000000000
000000000000001011001001001000001000000010101001010010000000000000000000000000000
000000000000001011001001001000001000000010101001010100000000000000000000000000000
000000000000001011001001001000001000000010101001100010000000000000000000000000000
000000000000001011001001001000001000000010101001100100000000000000000000000000000
000000000000001011001001001000001000000010110001010001000000000000000000000000000
000000000000001011001001001000001000000010110001010010000000000000000000000000000
000000000000001011001001001000001000000010110001010100000000000000000000000000000
000000000000001011001001001000001000000010110001100001000000000000000000000000000
000000000000001011001001001000001000000010110001100010000000000000000000000000000
000000000000001011001001001000001000000010110001100100000000000000000000000000000
000000000000001011001001001000001000000110010001000011000000000000000000000000000
000000000000001011001001001000001000000110010001000101000000000000000000000000000
000000000000001011001001001000001000000110010001000110000000000000000000000000000
000000000000001011001001001000001000000110100001000011000000000000000000000000000
000000000000001011001001001000001000000110100001000101000000000000000000000000000
000000000000001011001001001000001000000110100001000110000000000000000000000000000
000000000000001011001001001000001000001000011001010010000000000000000000000000000
000000000000001011001001001000001000001000011001010100000000000000000000000000000
000000000000001011001001001000001000001000101001010010000000000000000000000000000
000000000000001011001001001000001000001000101001010100000000000000000000000000000
000000000000001011001001001000001000001000110001010010000000000000000000000000000
000000000000001011001001001000001000001000110001010100000000000000000000000000000
000000000000001011001001001000001000001010001001010010000000000000000000000000000
000000000000001011001001001000001000001010001001010100000000000000000000000000000
000000000000001011001001001000001000001010001001100010000000000000000000000000000
000000000000001011001001001000001000001010001001100100000000000000000000000000000
000000000000001011001001001000001000001010010001010100000000000000000000000000000
000000000000001011001001001000001000001010010001100100000000000000000000000000000
000000000000001011001001001000001000001010100001010100000000000000000000000000000
000000000000001011001001001000001000001010100001100100000000000000000000000000000
000000000000001011001001001000001011001000000011000010000000000000000000000000000
000000000000001011001001001000001011001000000011000100000000000000000000000000000
000000000000001011001001001000001011001000000110000010000000000000000000000000000
000000000000001011001001001000001011001000000110000100000000000000000000000000000
000000000000001011001001001000001101001000000011000010000000000000000000000000000
000000000000001011001001001000001101001000000011000100000000000000000000000000000
000000000000001011001001001000001101001000000110000010000000000000000000000000000
000000000000001011001001001000001101001000000110000100000000000000000000000000000
000000000000001011001001001000001110001000000011000010000000000000000000000000000
000000000000001011001001001000001110001000000011000100000000000000000000000000000
000000000000001011001001001000001110001000000110000010000000000000000000000000000
000000000000001011001001001000001110001000000110000100000000000000000000000000000
000000000000001011001001001001000000001001001010000110000000000000000000000000000
000000000000001011001001001001000000001001010010000110000000000000000000000000000
000000000000001011001001001001000000001001100010000110000000000000000000000000000
000000000000001011001001001001000000010000011010001010000000000000000000000000000
000000000000001011001001001001000000010000011010001100000000000000000000000000000
000000000000001011001001001001000000010000011100001010000000000000000000000000000
000000000000001011001001001001000000010000011100001100000000000000000000000000000
000000000000001011001001001001000000010000101010001010000000000000000000000000000
000000000000001011001001001001000000010000101010001100000000000000000000000000000
000000000000001011001001001001000000010000101100001010000000000000000000000000000
000000000000001011001001001001000000010000101100001100000000000000000000000000000
000000000000001011001001001001000000010000110010001001000000000000000000000000000
000000000000001011001001001001000000010000110010001010000000000000000000000000000
000000000000001011001001001001000000010000110010001100000000000000000000000000000
000000000000001011001001001001000000010000110100001001000000000000000000000000000
000000000000001011001001001001000000010000110100001010000000000000000000000000000
000000000000001011001001001001000000010000110100001100000000000000000000000000000
000000000000001011001001100000001000000010011001010001000000000000000000000000000
000000000000001011001001100000001000000010011001010100000000000000000000000000000
000000000000001011001001100000001000000010011001100001000000000000000000000000000
000000000000001011001001100000001000000010011001100100000000000000000000000000000
000000000000001011001001100000001000000010101001010001000000000000000000000000000
000000000000001011001001100000001000000010101001010010000000000000000000000000000
000000000000001011001001100000001000000010101001010100000000000000000000000000000
000000000000001011001001100000001000000010101001100001000000000000000000000000000
000000000000001011001001100000001000000010101001100010000000000000000000000000000
000000000000001011001001100000001000000010101001100100000000000000000000000000000
000000000000001011001001100000001000000110001001000011000000000000000000000000000
000000000000001011001001100000001000000110001001000101000000000000000000000000000
000000000000001011001001100000001000000110001001000110000000000000000000000000000
000000000000001011001001100000001000001000011001010001000000000000000000000000000
000000000000001011001001100000001000001000011001010100000000000000000000000000000
000000000000001011001001100000001000001000101001010001000000000000000000000000000
000000000000001011001001100000001000001000101001010010000000000000000000000000000
000000000000001011001001100000001000001000101001010100000000000000000000000000000
000000000000001011001001100000001000001010001001010010000000000000000000000000000
000000000000001011001001100000001000001010001001010100000000000000000000000000000
000000000000001011001001100000001000001010001001100010000000000000000000000000000
000000000000001011001001100000001000001010001001100100000000000000000000000000000
000000000000001011001001100000001011001000000011000001000000000000000000000000000
000000000000001011001001100000001011001000000110000001000000000000000000000000000
000000000000001011001001100000001101001000000011000001000000000000000000000000000
000000000000001011001001100000001101001000000011000010000000000000000000000000000
000000000000001011001001100000001101001000000110000001000000000000000000000000000
000000000000001011001001100000001101001000000110000010000000000000000000000000000
000000000000001011001001100001000000001001001010000011000000000000000000000000000
000000000000001011001001100001000000001001001010000101000000000000000000000000000
000000000000001011001001100001000000001001001010000110000000000000000000000000000
000000000000001011001001100001000000001001100010000011000000000000000000000000000
000000000000001011001001100001000000010000011010001001000000000000000000000000000
000000000000001011001001100001000000010000011010001100000000000000000000000000000
000000000000001011001001100001000000010000011100001001000000000000000000000000000
000000000000001011001001100001000000010000011100001100000000000000000000000000000
000000000000001011001001100001000000010000101010001001000000000000000000000000000
000000000000001011001001100001000000010000101010001010000000000000000000000000000
000000000000001011001001100001000000010000101100001001000000000000000000000000000
000000000000001011001001100001000000010000101100001010000000000000000000000000000
000000000000001011001010100000001100000010001001100100000000000000000000000000000
000000000000001011001010100000001100001000011001010000000000000000000000000000000
000000000000001011001010100000001100001000101001010000000000000000000000000000000
000000000000001011001010100000010000001100100010001100000000000000000000000000000
000000000000001011001010100000010001001000100001001100000000000000000000000000000
000000000000001011001010100000010001001000100010001100000000000000000000000000000
000000000001001001001001001000000001000010110001011000000000000000000000000000000
000000000001001001001001001000000001000010110001101000000000000000000000000000000
000000000001001001001001001000000001000010110001110000000000000000000000000000000
000000000001001001001001001000000001000110010001010010000000000000000000000000000
000000000001001001001001001000000001000110010001010100000000000000000000000000000
000000000001001001001001001000001001000010010001010010000000000000000000000000000
000000000001001001001001001000001001000010010001010100000000000000000000000000000
000000000001001001001001001000001001000010010001100100000000000000000000000000000
000000000001001001001001001000001001000010110001010000000000000000000000000000000
000000000001001001001001001000001001000010110001100000000000000000000000000000000
000000000001001001001001010000001000000010011001010001000000000000000000000000000
000000000001001001001001010000001000000010011001010100000000000000000000000000000
000000000001001001001001010000001000000010011001100001000000000000000000000000000
000000000001001001001001010000001000000010011001100100000000000000000000000000000
000000000001001001001001010000001000000010101001010001000000000000000000000000000
000000000001001001001001010000001000000010101001010010000000000000000000000000000
000000000001001001001001010000001000000010101001010100000000000000000000000000000
000000000001001001001001010000001000000010101001100001000000000000000000000000000
000000000001001001001001010000001000000010101001100010000000000000000000000000000
000000000001001001001001010000001000000010101001100100000000000000000000000000000
000000000001001001001001010000001000000110100001000011000000000000000000000000000
000000000001001001001001010000001000000110100001000101000000000000000000000000000
000000000001001001001001010000001001000010010001010001000000000000000000000000000
000000000001001001001001010000001001000010010001100001000000000000000000000000000
000000000001001001001001010000001001000010100001010001000000000000000000000000000
000000000001001001001001010000001001000010100001100001000000000000000000000000000
000000000001001001001010010000000001001010010010001100000000000000000000000000000
000000000001001001001010010000001010000010001001001010000000000000000000000000000
000000000001001001001010010000001010000010001001001100000000000000000000000000000
000000000001001001001010010000001010000010001001100100000000000000000000000000000
000000000001001001001010010000001010000010100001001001000000000000000000000000000
000000000001001001001010010000001010000010100001001010000000000000000000000000000
000000000001001001001010010000001010000010100001001100000000000000000000000000000
000000000001001001001010010000001010000010100001100010000000000000000000000000000
000000000001001001001010010000001010000100100001001001000000000000000000000000000
000000000001001001001010010000001010000100100001001010000000000000000000000000000
000000000001001001001010010000001010000100100001001100000000000000000000000000000
000000000001001001001010010000001100000100001001010010000000000000000000000000000
000000000001001001001010010001000000010001010010010001000000000000000000000000000
000000000001001001001010010001000000010001010100010001000000000000000000000000000
000000000001001001001010010001000001010000010010010001000000000000000000000000000
000000000001001001001010010001000001010000010100010001000000000000000000000000000
000000000001001001001010010001000001010000100010010001000000000000000000000000000
000000000001001001001010010001000001010000100100010001000000000000000000000000000
000000001000000001001001010000001001001010010001010100000000000000000000000000000
000000001000000001001001010000001001001010010001100100000000000000000000000000000
000000001000000001001001010000001001001010100001010100000000000000000000000000000
000000001000000001001001010000001001001010100001100100000000000000000000000000000
000000001000001001000011010000000001001000110011001000000000000000000000000000000
000000001000001001000011010000000001001000110110001000000000000000000000000000000
000000001000001001000011010000000001001001010011000100000000000000000000000000000
000000001000001001000011010000000001001001010110000100000000000000000000000000000
000000001000001001000011010000000001001001100011000010000000000000000000000000000
000000001000001001000011010000000001001001100011000100000000000000000000000000000
000000001000001001000011010000000001001001100110000010000000000000000000000000000
000000001000001001000011010000000001001001100110000100000000000000000000000000000
000000001000001001000011010000001000001010001011100000000000000000000000000000000
000000001000001001000011010000001000001010001110100000000000000000000000000000000
000000001000001001000011010000001000001100001011010000000000000000000000000000000
000000001000001001000011010000001000001100001011100000000000000000000000000000000
000000001000001001000011010000001000001100001110010000000000000000000000000000000
000000001000001001000011010000001000001100001110100000000000000000000000000000000
000000001000001001000011010000001000001110000011000001000000000000000000000000000
000000001000001001000011010000001000001110000110000001000000000000000000000000000
000000001000001001000110010000000001001000110011001000000000000000000000000000000
000000001000001001000110010000000001001000110110001000000000000000000000000000000
000000001000001001000110010000000001001001010001001100000000000000000000000000000
000000001000001001000110010000000001001001010010001100000000000000000000000000000
000000001000001001000110010000000001001001010011000100000000000000000000000000000
000000001000001001000110010000000001001001010110000100000000000000000000000000000
000000001000001001000110010000000001001001100001001100000000000000000000000000000
000000001000001001000110010000000001001001100010001100000000000000000000000000000
000000001000001001000110010000000001001001100011000010000000000000000000000000000
000000001000001001000110010000000001001001100011000100000000000000000000000000000
000000001000001001000110010000000001001001100011001000000000000000000000000000000
000000001000001001000110010000000001001001100110000010000000000000000000000000000
000000001000001001000110010000000001001001100110000100000000000000000000000000000
000000001000001001000110010000000001001001100110001000000000000000000000000000000
000000001000001001000110010000001000001001001011010000000000000000000000000000000
000000001000001001000110010000001000001001001110010000000000000000000000000000000
000000001000001001000110010000001000001010001011100000000000000000000000000000000
000000001000001001000110010000001000001010001110100000000000000000000000000000000
000000001000001001000110010000001000001011000011000001000000000000000000000000000
000000001000001001000110010000001000001011000110000001000000000000000000000000000
000000001000001001000110010000001000001110000011000001000000000000000000000000000
000000001000001001000110010000001000001110000110000001000000000000000000000000000
000000001000001001001010010000000001001001010001001100000000000000000000000000000
000000001000001001001010010000000001001001100001001100000000000000000000000000000
000000001000001001001010010000001000001001001110100000000000000000000000000000000
000000001000001001001010010001000000001001001010001010000000000000000000000000000
000000001000001001001010010001000000001001001010001100000000000000000000000000000
000000001000001001001010010001001000001001000010100001000000000000000000000000000
000000001000001010001000100000001100001001001001010010000000000000000000000000000
000000001000001010001001001000001000001010001001010010000000000000000000000000000
000000001000001010001001001000001000001010001001010100000000000000000000000000000
000000001000001010001001001000001000001010001001100010000000000000000000000000000
000000001000001010001001001000001000001010001001100100000000000000000000000000000
000000001000001010001001001001000000001001001010000110000000000000000000000000000
000000001000001010001001001001010000001010001010001000000000000000000000000000000
000000001000001010001001001001010000001100001010001000000000000000000000000000000
000000001000001010001001010000001000001010001001010001000000000000000000000000000
000000001000001010001001010000001000001010001001100001000000000000000000000000000
000000001000001010001001010001000000001001001010000101000000000000000000000000000
000000001000001010001001010001000001001000001010001100000000000000000000000000000
000000001000001010001001100000001000001010001001010001000000000000000000000000000
000000001000001010001001100000001000001010001001100001000000000000000000000000000
000000001000001010001001100001000000001001001010000011000000000000000000000000000
000000001000001010001001100001000000001001001010000101000000000000000000000000000
000000001000001010001001100001000000001001001010000110000000000000000000000000000
000000001000001010001001100001000001001000001010001100000000000000000000000000000
000000001000001010001010010000001000001001001001010001000000000000000000000000000
000000001000001010001010010000001000001001001001100001000000000000000000000000000
000000001000001010001010010000001000001010001001100001000000000000000000000000000
000000001000001010001010010000001000001100001001100001000000000000000000000000000
000000001000001010001010010001000001001000001010001100000000000000000000000000000
000000001000001010001010100000001000001001001001010001000000000000000000000000000
000000001000001010001010100000001000001001001001100001000000000000000000000000000
000000001000001010001010100000001000001010001001100001000000000000000000000000000
000000001000001010001010100000001000001100001001100001000000000000000000000000000
000000001000001010001010100001000000001001001010001100000000000000000000000000000
000000001000001010001010100001000001001000001010001010000000000000000000000000000
000000001000001010001010100001000001001000001010001100000000000000000000000000000
000000001000001011001001000001000000001001001010000110000000000000000000000000000
000000001000001110001001000000000001001001001001010010000000000000000000000000000
000000001000001110001001000000001000001010001001010001000000000000000000000000000
000000001000001110001001000000001000001010001001100001000000000000000000000000000
000000001000001110001001000001000000001001001010000110000000000000000000000000000
000000001000001110001001000001000001001000001010001010000000000000000000000000000
000000001000001110001010000000010000001001001001010001000000000000000000000000000
000000001000001110001010000000010000001001001001100001000000000000000000000000000
000000001000001110001010000000010000001010001001100001000000000000000000000000000
000000001000001110001010000000010000001100001001100001000000000000000000000000000
000000001000001110001010000000010010001000001001001001000000000000000000000000000
000000001000001110001010000001000001001000001010010010000000000000000000000000000
000000001000001110001011000001000001001000001010000010000000000000000000000000000
000000001000001110001110000001000001001000001010000010000000000000000000000000000
000000001000011010001001000000001000001010001001100001000000000000000000000000000
000000001000011010001001000000001000001100001001100001000000000000000000000000000
000000001000011010001001000001000001001000001010001100000000000000000000000000000
000000001000011010001001010001000001001000001010000100000000000000000000000000000
000000001000011010001001100001000001001000001010000010000000000000000000000000000
000000001000011010001001100001000001001000001010000100000000000000000000000000000
000000001000011010001100000000100000001001001001010001000000000000000000000000000
000000001000011010001100000000100000001001001001100001000000000000000000000000000
000000001000011010001100000001000001001000001010100100000000000000000000000000000
000000001000011010001100010001000001001000001010000100000000000000000000000000000
000000001000011010001100100001000001001000001010000010000000000000000000000000000
000000001000011010001100100001000001001000001010000100000000000000000000000000000
000000001001001010001010100000001100000010010001000001000000000000000000000000000
