000000001000001011001011000000010110001000001011010000000000000000000000000000000
000000001000001011001011000000010110001000001110010000000000000000000000000000000
000000001000001011001011000001000001001010010010010100000000000000000000000000000
000000001000001011001011000001000001001010100010010010000000000000000000000000000
000000001000001011001011000001000001001010100010010100000000000000000000000000000
000000001000001011001011000001000001010010010010010100000000000000000000000000000
000000001000001011001011000001000001010010010100010100000000000000000000000000000
000000001000001011001011000001000001010010100010010100000000000000000000000000000
000000001000001011001011000001000001010010100100010100000000000000000000000000000
000000001000001011001110000000010110001000001011010000000000000000000000000000000
000000001000001011001110000000010110001000001110010000000000000000000000000000000
000000001000001011001110000001000001001010010010010100000000000000000000000000000
000000001000001011001110000001000001001010100010010010000000000000000000000000000
000000001000001011001110000001000001001010100010010100000000000000000000000000000
000000001000001011001110000001000001010010010010010100000000000000000000000000000
000000001000001011001110000001000001010010010100010100000000000000000000000000000
000000001000001011001110000001000001010010100010010100000000000000000000000000000
000000001000001011001110000001000001010010100100010100000000000000000000000000000
000000001000001110001011000000010011001000001011010000000000000000000000000000000
000000001000001110001011000000010011001000001110010000000000000000000000000000000
000000001000001110001011000000010110001000001011010000000000000000000000000000000
000000001000001110001011000000010110001000001110010000000000000000000000000000000
000000001000001110001011000001000001001010010010010001000000000000000000000000000
000000001000001110001011000001000001001010010010010100000000000000000000000000000
000000001000001110001011000001000001010010001010010010000000000000000000000000000
000000001000001110001011000001000001010010001100010010000000000000000000000000000
000000001000001110001011000001000001010010010010010100000000000000000000000000000
000000001000001110001011000001000001010010010100010100000000000000000000000000000
000000001000001110001110000000010011001000001011010000000000000000000000000000000
000000001000001110001110000000010011001000001110010000000000000000000000000000000
000000001000001110001110000000010110001000001011010000000000000000000000000000000
000000001000001110001110000000010110001000001110010000000000000000000000000000000
000000001000001110001110000001000001001010010010010001000000000000000000000000000
000000001000001110001110000001000001001010010010010100000000000000000000000000000
000000001000001110001110000001000001010010001010010010000000000000000000000000000
000000001000001110001110000001000001010010001100010010000000000000000000000000000
000000001000001110001110000001000001010010010010010100000000000000000000000000000
000000001000001110001110000001000001010010010100010100000000000000000000000000000
000000001000011010001001100000110001001001000011000010000000000000000000000000000
000000001000011010001001100000110001001001000110000010000000000000000000000000000
000000001000011010001100010000100101001000001011100000000000000000000000000000000
000000001000011010001100010000100101001000001110100000000000000000000000000000000
000000001000011010001100010001000001001100100010100100000000000000000000000000000
000000001000011010001100010001000001010100001010100100000000000000000000000000000
000000001000011010001100010001000001010100001100100100000000000000000000000000000
000000001000011010001100010001000001010100100010100100000000000000000000000000000
000000001000011010001100010001000001010100100100100100000000000000000000000000000
000000001000011010001100100000011001001100000011000010000000000000000000000000000
000000001000011010001100100000011001001100000110000010000000000000000000000000000
000000001000011010001100100000100011001000001011100000000000000000000000000000000
000000001000011010001100100000100011001000001110100000000000000000000000000000000
000000001000011010001100100000101001001100000011000010000000000000000000000000000
000000001000011010001100100000101001001100000110000010000000000000000000000000000
000000001000011010001100100001000001010100001010100010000000000000000000000000000
000000001000011010001100100001000001010100001010100100000000000000000000000000000
000000001000011010001100100001000001010100001100100010000000000000000000000000000
000000001000011010001100100001000001010100001100100100000000000000000000000000000
000000001001001010010010010000001001001100001010010100000000000000000000000000000
000000001001001010010010010001001000010100001100010001000000000000000000000000000
000000001001001010010010100000001001001010100001100010000000000000000000000000000
000000001001001010010010100000001001001100001010010010000000000000000000000000000
000000001001001010010010100000001001001100001010010100000000000000000000000000000
000000001001001010010010100000001010001010001010001100000000000000000000000000000
000000001001001010010010100000001010001010001010100100000000000000000000000000000
000000001001001010010010100000001010001100001010001100000000000000000000000000000
000000001001001010010010100001001000010100001100010001000000000000000000000000000
000000001001001010010010100001010000001100010010001001000000000000000000000000000
000000001001001010010010100001010000001100010100001001000000000000000000000000000
000000001001001010010110000001000001010001001100001100000000000000000000000000000
000001001000010010001001001000010010001010100001100010000000000000000000000000000
000001001000010010001001001001000010001010100010010010000000000000000000000000000
000001001000010010001001010000010101001000010011010000000000000000000000000000000
000001001000010010001001010000010101001000010110010000000000000000000000000000000
000001001000010010001001010001000010010010001010010100000000000000000000000000000
000001001000010010001001010001000010010010001100010100000000000000000000000000000
000001001000010010001001010001000010010010100010010100000000000000000000000000000
000001001000010010001001010001000010010010100100010100000000000000000000000000000
000001001000010010001001100000010010001010100001100010000000000000000000000000000
000001001000010010001001100000110001001001000011000001000000000000000000000000000
000001001000010010001001100000110001001001000110000001000000000000000000000000000
000001001000010010001001100001000010001010100010010010000000000000000000000000000
000001001000010010001001100001001000010010001010100001000000000000000000000000000
000001001000010010001001100001001000010010001100100001000000000000000000000000000
000001001000010010001001100001001000010100001010100001000000000000000000000000000
000001001000010010001001100001001000010100001100100001000000000000000000000000000
000001001000010010001001100001010000001100010010010010000000000000000000000000000
000001001000010010001100100000001001001001100001100001000000000000000000000000000
000001001000010010001100100001000001001001100010001001000000000000000000000000000
000001001000010010001100100001000001001001100010010010000000000000000000000000000
000001001000010110001010000000001001001001010001100001000000000000000000000000000
000001001000010110001010000001000001001001010010001001000000000000000000000000000
000001001000010110001010000001001000001100001010001001000000000000000000000000000
000001001000010110001100000000001001001001010001100001000000000000000000000000000
000001001000010110001100000001000001001001010010001001000000000000000000000000000
000001001000010110001100000001001000001010001010001001000000000000000000000000000
000001001000010110001100000001001000001100001010001001000000000000000000000000000
000001001001000010010010100000010001001001100010100010000000000000000000000000000
000001001001000010010110000000001010001001100001010001000000000000000000000000000
000001001001000010010110000001000001001001100010001010000000000000000000000000000
000001001001000010010110000001000001001001100100001010000000000000000000000000000
000001001001000010010110000001000001010001010100001100000000000000000000000000000
000001001001000010010110000001001000001010001100001010000000000000000000000000000
