000000000000000000001001001000000001000001011001011000000000000000000000000000000
000000000000000000001001001000000001000001011001110000000000000000000000000000000
000000000000000000001001001000000001000001110001011000000000000000000000000000000
000000000000000000001001001000000001000001110001110000000000000000000000000000000
000000000000000000001001001000000001001001001001001010000000000000000000000000000
000000000000000000001001001000000001001001001001010010000000000000000000000000000
000000000000000000001001001000000001001001010001001010000000000000000000000000000
000000000000000000001001001000000001001001010001001100000000000000000000000000000
000000000000000000001001001000001001000001001001010010000000000000000000000000000
000000000000000000001001001000001010000010001001001001000000000000000000000000000
000000000000000001000001011000000000001001001011001000000000000000000000000000000
000000000000000001000001011000000000001001001110001000000000000000000000000000000
000000000000000001000001011000001000000001001000010110000000000000000000000000000
000000000000000001000001110000000000001001001001001001000000000000000000000000000
000000000000000001000001110000000000001001001010001001000000000000000000000000000
000000000000000001000001110000000000001001001011000001000000000000000000000000000
000000000000000001000001110000000000001001001011001000000000000000000000000000000
000000000000000001000001110000000000001001001110000001000000000000000000000000000
000000000000000001000001110000000000001001001110001000000000000000000000000000000
000000000000000001000001110000000001000001001000110010000000000000000000000000000
000000000000000001000001110000001000000001001000010011000000000000000000000000000
000000000000000001000001110000001000000001001000010110000000000000000000000000000
000000000000000001001001010000000000001001001001001001000000000000000000000000000
000000000000001001001000011000001000000001000001010001000000000000000000000000000
000000000000001001001000110000001000000001000001010001000000000000000000000000000
000000000000001001001001001001000000001000000010001001000000000000000000000000000
000000000000001001001001010001000000001000000010001001000000000000000000000000000
000000000000001011001001001001000000001000000010001000000000000000000000000000000
000000000000001011001001100001000000001000000010001000000000000000000000000000000
000000001000000001001001010000001000000001000001010001000000000000000000000000000
