000001001001000011010011000000001001001110000010000110000000000000000000000000000
000001001001000011010110000000001001001011000010000110000000000000000000000000000
000001001001000011010110000000001001001110000010000110000000000000000000000000000
000001001001000110010110000000001001001110000010000110000000000000000000000000000
000001001001010010001010010001000001010001100010001100000000000000000000000000000
000001001001010010001010010001000001010001100100001100000000000000000000000000000
000001001001010010001010100001000001010001010010001100000000000000000000000000000
000001001001010010001010100001000001010001010100001100000000000000000000000000000
000001001001010010001010100001001000010100001100100001000000000000000000000000000
000001001001010010001100100001000001010001010100001100000000000000000000000000000
